E:\PytorchObjectTwo\helloPytorch\yolov7-pytorch-master\VOCdevkit/VOC2007/JPEGImages/BloodImage_00000.jpg 260,177,491,376,1 78,336,184,435,0 63,237,169,336,0 214,362,320,461,0 414,352,506,445,0 555,356,640,455,0 469,412,567,480,0 1,333,87,437,0 4,406,95,480,0 155,74,247,174,0 11,84,104,162,0 534,39,639,139,0 547,195,640,295,0 388,11,481,111,0 171,175,264,275,0 260,1,374,83,0 229,91,343,174,0 69,144,184,235,0 482,131,594,230,0 368,89,464,176,0
E:\PytorchObjectTwo\helloPytorch\yolov7-pytorch-master\VOCdevkit/VOC2007/JPEGImages/BloodImage_00001.jpg 68,315,286,480,1 346,361,446,454,0 53,179,146,299,0 449,400,536,480,0 461,132,548,212,0 454,295,541,375,0 417,283,508,383,0 278,342,369,451,0 545,62,636,159,0 485,91,576,188,0 376,171,438,253,0 329,177,395,271,0 291,59,407,168,0 299,1,404,68,0 346,26,449,138,0 134,1,241,95,0 1,38,98,164,0 165,160,257,264,0 464,209,566,319,0
E:\PytorchObjectTwo\helloPytorch\yolov7-pytorch-master\VOCdevkit/VOC2007/JPEGImages/BloodImage_00003.jpg 127,40,344,226,1 317,93,424,195,0 379,146,471,234,0 504,210,614,302,0 417,248,553,369,0 514,13,615,136,0 417,1,520,88,0 1,126,79,240,0 47,202,158,317,0 314,284,424,377,0 365,350,484,451,0 1,347,86,434,0 49,396,183,480,0 514,385,595,477,0 56,66,151,211,0 213,253,333,368,0 335,268,370,299,2
E:\PytorchObjectTwo\helloPytorch\yolov7-pytorch-master\VOCdevkit/VOC2007/JPEGImages/BloodImage_00004.jpg 109,134,324,321,1 432,242,528,325,0 510,112,606,195,0 482,361,594,475,0 75,281,166,375,0 38,1,147,62,0 288,33,390,131,0 411,66,527,185,0 1,82,102,198,0 1,283,81,372,0 1,315,78,397,0 391,373,469,455,0 127,47,163,81,2
E:\PytorchObjectTwo\helloPytorch\yolov7-pytorch-master\VOCdevkit/VOC2007/JPEGImages/BloodImage_00005.jpg 273,115,386,222,0 56,103,169,210,0 414,42,518,170,0 536,74,640,202,0 474,193,578,321,0 466,337,570,465,0 420,352,524,480,0 215,174,314,281,0 380,181,479,288,0 1,64,99,171,0 324,1,444,87,0 162,1,290,70,0 173,165,260,270,0 139,191,226,296,0 103,211,190,316,0 29,231,116,336,0 170,65,207,100,2 6,401,43,436,2 124,305,161,340,2 230,288,441,480,1 151,298,236,423,0 63,19,174,97,0
E:\PytorchObjectTwo\helloPytorch\yolov7-pytorch-master\VOCdevkit/VOC2007/JPEGImages/BloodImage_00006.jpg 117,190,290,360,1 89,184,131,221,2 65,203,107,240,2 333,1,372,30,2 79,357,202,459,0 495,1,620,114,0 353,327,476,463,0 449,319,565,393,0 291,104,403,194,0 211,76,323,166,0 207,350,319,440,0 253,298,371,403,0 546,368,639,480,0 482,223,617,327,0 503,160,619,246,0 373,142,489,235,0 108,121,235,216,0 16,59,143,154,0
E:\PytorchObjectTwo\helloPytorch\yolov7-pytorch-master\VOCdevkit/VOC2007/JPEGImages/BloodImage_00007.jpg 193,92,387,285,1 17,298,134,402,0 64,372,175,479,0 119,330,230,437,0 169,265,259,374,0 191,291,281,400,0 213,305,303,414,0 247,315,337,424,0 495,300,601,402,0 534,371,640,473,0 510,7,616,109,0 515,44,639,152,0 18,124,142,232,0 70,63,194,171,0 19,29,143,137,0 270,1,392,71,0 254,427,340,480,0 298,434,381,480,0
E:\PytorchObjectTwo\helloPytorch\yolov7-pytorch-master\VOCdevkit/VOC2007/JPEGImages/BloodImage_00008.jpg 42,183,277,381,1 398,222,519,330,0 505,103,626,211,0 366,315,472,413,0 456,312,562,410,0 524,250,630,348,0 534,335,640,433,0 353,43,459,141,0 316,43,422,141,0 265,25,371,123,0 221,18,327,116,0 109,1,221,85,0 1,166,96,299,0 263,402,365,480,0 178,402,280,480,0 1,1,102,77,0 196,135,313,215,0 447,392,607,480,0 148,62,234,172,0 438,1,564,85,0
E:\PytorchObjectTwo\helloPytorch\yolov7-pytorch-master\VOCdevkit/VOC2007/JPEGImages/BloodImage_00009.jpg 23,137,255,423,1 441,324,575,423,0 372,192,468,279,0 305,213,401,300,0 226,288,324,439,0 313,318,408,414,0 282,384,377,480,0 446,97,567,206,0 440,1,561,96,0 214,107,331,198,0 298,85,435,211,0 7,76,133,197,0 1,1,115,94,0 286,1,394,65,0 154,13,289,127,0 452,415,493,449,2 479,155,575,242,0 135,393,231,480,0
E:\PytorchObjectTwo\helloPytorch\yolov7-pytorch-master\VOCdevkit/VOC2007/JPEGImages/BloodImage_00012.jpg 2,187,228,359,1 349,146,475,240,0 377,210,483,314,0 401,299,507,403,0 296,281,386,387,0 251,311,344,439,0 168,304,264,402,0 14,335,125,434,0 126,393,251,479,0 329,376,412,477,0 519,356,622,455,0 476,257,579,356,0 489,193,592,292,0 564,232,640,328,0 417,403,463,440,2 351,44,397,81,2 220,20,303,107,0 495,82,605,204,0 299,431,381,480,0
E:\PytorchObjectTwo\helloPytorch\yolov7-pytorch-master\VOCdevkit/VOC2007/JPEGImages/BloodImage_00013.jpg 31,208,238,406,1 255,283,371,392,0 405,288,517,420,0 369,77,486,223,0 90,98,200,189,0 203,365,313,456,0 318,396,427,480,0 574,160,639,281,0 466,57,564,174,0 547,48,638,144,0 500,214,599,325,0 184,12,299,118,0 105,34,220,140,0 455,404,555,480,0 324,402,424,478,0
E:\PytorchObjectTwo\helloPytorch\yolov7-pytorch-master\VOCdevkit/VOC2007/JPEGImages/BloodImage_00014.jpg 236,211,379,353,1 158,140,258,234,0 78,334,197,435,0 1,137,72,242,0 33,89,152,189,0 53,15,172,115,0 336,1,406,93,0 297,78,422,173,0 224,76,352,191,0 215,380,334,480,0 356,303,447,393,0 393,215,484,305,0 448,406,545,480,0 431,1,554,102,0 362,389,405,428,2 233,340,276,379,2 542,289,630,399,0 579,131,640,236,0 525,70,618,176,0
E:\PytorchObjectTwo\helloPytorch\yolov7-pytorch-master\VOCdevkit/VOC2007/JPEGImages/BloodImage_00015.jpg 145,4,361,240,1 353,135,428,232,0 354,12,448,128,0 440,78,540,160,0 537,47,638,144,0 435,1,538,75,0 411,359,522,459,0 266,409,374,480,0 1,396,134,480,0 1,272,102,379,0 62,62,165,169,0 248,201,351,308,0 91,300,204,391,0 564,140,640,240,0 291,373,337,410,2 373,202,484,302,0
E:\PytorchObjectTwo\helloPytorch\yolov7-pytorch-master\VOCdevkit/VOC2007/JPEGImages/BloodImage_00016.jpg 151,118,329,279,1 121,323,242,440,0 324,115,418,236,0 450,329,542,442,0 427,364,519,477,0 230,333,346,449,0 448,91,549,168,0 570,290,640,403,0 523,69,637,174,0 334,219,451,337,0 449,227,566,345,0 66,155,160,276,0 97,327,129,365,2
E:\PytorchObjectTwo\helloPytorch\yolov7-pytorch-master\VOCdevkit/VOC2007/JPEGImages/BloodImage_00017.jpg 128,215,336,391,1 406,176,514,272,0 400,73,510,181,0 215,87,299,187,0 435,302,547,400,0 424,354,536,452,0 131,382,235,470,0 481,164,585,252,0 5,335,102,434,0 1,101,53,205,0 221,390,340,464,0 156,1,260,84,0 279,37,381,145,0 528,1,621,87,0 488,11,581,98,0 4,245,106,353,0 322,335,424,443,0 382,47,419,79,2
E:\PytorchObjectTwo\helloPytorch\yolov7-pytorch-master\VOCdevkit/VOC2007/JPEGImages/BloodImage_00018.jpg 302,1,481,166,1 167,100,307,197,0 210,1,319,64,0 561,74,639,183,0 130,26,230,125,0 74,189,164,277,0 304,162,394,250,0 363,163,453,251,0 410,152,500,240,0 430,131,520,219,0 483,109,573,197,0 541,276,631,364,0 572,181,640,287,0 286,424,375,480,0 308,240,421,325,0 189,345,278,423,0 1,213,89,340,0 67,324,182,447,0 17,45,131,168,0 21,1,114,86,0 243,189,333,277,0 241,259,331,347,0
E:\PytorchObjectTwo\helloPytorch\yolov7-pytorch-master\VOCdevkit/VOC2007/JPEGImages/BloodImage_00019.jpg 107,97,295,267,1 41,158,126,280,0 410,315,513,430,0 524,332,627,447,0 461,348,564,463,0 227,398,343,480,0 133,398,249,480,0 125,366,241,448,0 373,150,476,243,0 492,196,595,289,0 297,201,428,315,0 532,48,615,142,0 1,122,56,255,0 88,1,237,93,0 231,251,317,336,0 164,284,270,376,0 320,133,423,226,0
E:\PytorchObjectTwo\helloPytorch\yolov7-pytorch-master\VOCdevkit/VOC2007/JPEGImages/BloodImage_00020.jpg 419,189,478,236,2 352,364,475,447,1 226,99,333,206,0 404,25,511,132,0 511,38,618,145,0 457,206,564,313,0 478,370,585,477,0 287,238,394,345,0 372,343,406,374,2 40,277,147,384,0 1,277,79,379,0 80,166,187,273,0 143,245,250,352,0 144,366,251,473,0 142,364,249,471,0 109,41,216,148,0 460,59,567,166,0 570,256,640,357,0 61,383,169,480,0 1,128,106,235,0 40,1,149,95,0 165,1,274,95,0 80,128,115,161,2
E:\PytorchObjectTwo\helloPytorch\yolov7-pytorch-master\VOCdevkit/VOC2007/JPEGImages/BloodImage_00021.jpg 330,302,494,438,1 375,103,422,146,2 483,184,530,227,2 363,141,483,255,0 274,161,394,275,0 215,219,335,333,0 97,335,217,449,0 5,262,125,376,0 50,229,170,343,0 1,102,104,197,0 72,98,176,193,0 521,109,625,204,0 581,100,640,194,0 378,1,475,76,0 209,1,318,111,0 117,1,207,87,0 568,347,639,461,0 168,84,288,198,0 221,361,341,475,0
E:\PytorchObjectTwo\helloPytorch\yolov7-pytorch-master\VOCdevkit/VOC2007/JPEGImages/BloodImage_00022.jpg 108,194,281,372,1 99,329,138,360,2 149,1,188,30,2 394,199,433,230,2 17,163,130,255,0 1,197,113,289,0 289,142,392,234,0 340,81,443,173,0 275,22,392,126,0 441,59,579,163,0 471,143,579,263,0 557,359,639,480,0 406,374,538,480,0 272,389,389,480,0 378,249,482,349,0 15,12,100,147,0
E:\PytorchObjectTwo\helloPytorch\yolov7-pytorch-master\VOCdevkit/VOC2007/JPEGImages/BloodImage_00023.jpg 98,34,281,206,1 277,113,387,233,0 388,82,498,202,0 306,243,416,363,0 186,268,291,381,0 296,364,423,480,0 511,147,638,263,0 62,414,174,480,0 37,1,141,76,0 29,152,117,247,0 494,1,594,74,0 572,264,640,345,0 524,354,640,453,0 15,220,109,334,0 132,292,171,340,2 343,1,468,110,0 209,245,305,327,0 177,219,273,301,0
E:\PytorchObjectTwo\helloPytorch\yolov7-pytorch-master\VOCdevkit/VOC2007/JPEGImages/BloodImage_00024.jpg 310,1,471,128,1 89,89,192,206,0 265,114,368,231,0 203,176,295,318,0 109,195,204,306,0 391,117,486,228,0 376,250,471,361,0 314,357,419,477,0 25,309,142,428,0 497,1,604,97,0 578,144,640,248,0 570,252,640,390,0 494,325,588,427,0 399,334,517,457,0 19,234,103,344,0 484,196,587,313,0
E:\PytorchObjectTwo\helloPytorch\yolov7-pytorch-master\VOCdevkit/VOC2007/JPEGImages/BloodImage_00026.jpg 387,1,564,102,1 178,2,287,113,0 114,154,223,265,0 102,60,211,171,0 42,70,151,181,0 1,112,94,227,0 2,171,113,287,0 424,270,535,386,0 173,362,282,460,0 86,358,195,456,0 253,151,350,245,0 497,196,608,294,0 317,351,426,471,0 202,280,329,394,0 295,202,422,316,0 436,94,574,210,0 294,78,407,194,0 146,269,186,304,2 282,425,322,460,2
E:\PytorchObjectTwo\helloPytorch\yolov7-pytorch-master\VOCdevkit/VOC2007/JPEGImages/BloodImage_00029.jpg 75,179,224,315,1 440,283,495,317,2 241,86,358,199,0 212,48,293,142,0 364,143,463,228,0 424,137,545,228,0 227,193,348,300,0 207,265,328,372,0 139,320,260,427,0 256,365,377,472,0 390,356,511,463,0 506,110,624,196,0 517,57,638,148,0 421,8,526,107,0 70,23,200,145,0 19,70,129,186,0 1,128,87,251,0 1,194,79,318,0 1,264,75,366,0 1,310,75,412,0 24,355,105,459,0 11,423,103,480,0 207,1,300,51,0 275,1,365,74,0
E:\PytorchObjectTwo\helloPytorch\yolov7-pytorch-master\VOCdevkit/VOC2007/JPEGImages/BloodImage_00031.jpg 127,143,270,273,1 287,364,437,480,1 153,383,257,480,0 47,358,151,455,0 83,321,187,418,0 332,153,436,250,0 395,228,514,329,0 520,396,631,480,0 556,319,640,404,0 522,254,630,342,0 512,190,620,278,0 534,58,640,181,0 453,1,593,71,0 241,381,298,426,2 110,247,148,289,2 343,108,381,150,2 409,88,447,130,2 301,211,405,308,0 251,264,355,361,0 27,1,141,98,0 1,65,91,160,0 57,62,148,157,0 1,246,94,370,0 407,193,493,269,0
E:\PytorchObjectTwo\helloPytorch\yolov7-pytorch-master\VOCdevkit/VOC2007/JPEGImages/BloodImage_00033.jpg 129,109,280,251,1 83,230,192,332,0 303,238,394,359,0 276,245,346,365,0 244,269,314,389,0 219,287,289,407,0 190,291,260,411,0 442,219,551,321,0 391,207,500,309,0 468,303,577,405,0 575,331,640,434,0 568,89,640,185,0 532,36,640,134,0 350,74,465,185,0 297,1,414,91,0 348,369,463,480,0 177,389,286,480,0 68,22,163,131,0 198,1,291,89,0
E:\PytorchObjectTwo\helloPytorch\yolov7-pytorch-master\VOCdevkit/VOC2007/JPEGImages/BloodImage_00034.jpg 350,181,543,359,1 310,351,458,480,1 524,334,562,377,2 52,85,90,128,2 127,130,259,270,0 97,298,205,415,0 1,336,107,453,0 62,407,174,480,0 518,1,602,98,0 484,17,568,128,0 452,34,537,145,0 409,54,494,165,0 358,84,443,195,0 555,282,640,393,0 571,352,640,464,0 102,23,175,128,0 143,22,226,126,0 278,16,372,121,0 207,283,320,401,0
E:\PytorchObjectTwo\helloPytorch\yolov7-pytorch-master\VOCdevkit/VOC2007/JPEGImages/BloodImage_00036.jpg 107,242,287,423,1 207,106,319,209,0 166,130,278,233,0 405,171,499,274,0 487,106,599,209,0 545,315,640,428,0 260,370,355,480,0 1,266,88,360,0 1,138,99,242,0 60,87,160,191,0 301,21,429,135,0 397,60,494,168,0 543,242,639,350,0 391,168,453,270,0 421,1,518,80,0 480,1,577,80,0 162,91,198,126,2 468,264,562,367,0 107,1,210,86,0 70,389,205,477,0
E:\PytorchObjectTwo\helloPytorch\yolov7-pytorch-master\VOCdevkit/VOC2007/JPEGImages/BloodImage_00037.jpg 421,302,541,420,1 187,107,291,225,0 272,89,375,180,0 251,175,354,266,0 268,199,371,290,0 529,130,636,252,0 553,191,640,296,0 479,215,566,320,0 448,186,535,291,0 410,177,497,282,0 362,156,449,261,0 520,33,607,138,0 479,26,566,131,0 389,15,476,120,0 96,382,183,471,0 14,320,101,409,0 17,76,104,165,0 14,136,115,238,0 37,171,138,273,0 48,5,147,81,0 113,13,212,89,0 126,31,225,107,0 543,335,640,440,0 331,436,424,480,0 179,305,292,411,0 145,241,258,347,0 95,224,208,330,0 132,111,174,157,2 364,63,397,101,2 1,248,102,347,0
E:\PytorchObjectTwo\helloPytorch\yolov7-pytorch-master\VOCdevkit/VOC2007/JPEGImages/BloodImage_00039.jpg 107,212,270,347,1 245,86,370,198,0 47,165,140,259,0 12,76,145,179,0 195,346,296,447,0 120,358,221,459,0 83,356,184,457,0 15,356,116,457,0 310,309,411,410,0 417,304,518,405,0 485,197,586,298,0 474,2,589,111,0 358,1,474,95,0 111,1,227,95,0 131,77,247,172,0 1,19,45,61,2 548,293,583,324,2 377,171,502,283,0 487,391,574,480,0
E:\PytorchObjectTwo\helloPytorch\yolov7-pytorch-master\VOCdevkit/VOC2007/JPEGImages/BloodImage_00040.jpg 242,117,457,332,1 140,308,249,415,0 96,362,205,469,0 1,323,89,430,0 79,212,212,317,0 105,108,238,213,0 463,104,596,209,0 526,95,640,189,0 529,204,640,318,0 464,312,575,426,0 332,314,457,428,0 255,322,380,436,0 264,392,387,480,0 12,106,123,207,0 538,1,639,85,0 428,11,473,50,2 489,46,534,85,2 48,206,93,245,2
E:\PytorchObjectTwo\helloPytorch\yolov7-pytorch-master\VOCdevkit/VOC2007/JPEGImages/BloodImage_00041.jpg 261,219,424,381,1 228,13,374,121,0 321,117,437,236,0 478,83,594,202,0 435,147,551,266,0 414,220,530,339,0 480,250,579,352,0 478,304,577,406,0 455,353,554,455,0 531,310,630,412,0 1,12,80,128,0 76,1,198,109,0 427,1,562,114,0 396,2,440,60,2 210,419,252,453,2 196,111,294,220,0 25,151,123,260,0 43,410,132,480,0 124,410,213,480,0 1,373,98,460,0
E:\PytorchObjectTwo\helloPytorch\yolov7-pytorch-master\VOCdevkit/VOC2007/JPEGImages/BloodImage_00042.jpg 116,192,278,319,1 65,42,151,172,0 236,281,330,377,0 355,316,449,412,0 545,187,639,313,0 545,81,640,207,0 562,1,640,101,0 151,1,260,84,0 248,1,396,77,0 303,149,412,233,0 95,377,260,476,0 401,179,451,215,2 1,282,30,321,2 442,222,553,350,0 411,346,505,442,0 463,384,563,480,0
E:\PytorchObjectTwo\helloPytorch\yolov7-pytorch-master\VOCdevkit/VOC2007/JPEGImages/BloodImage_00043.jpg 76,106,217,228,1 498,304,639,480,1 177,76,211,115,2 61,441,95,480,2 17,330,144,428,0 107,345,234,443,0 86,223,213,321,0 31,208,158,306,0 367,286,494,384,0 346,175,473,273,0 296,46,423,144,0 417,84,511,188,0 4,1,98,104,0 1,97,77,200,0 564,49,640,167,0 507,126,623,245,0
E:\PytorchObjectTwo\helloPytorch\yolov7-pytorch-master\VOCdevkit/VOC2007/JPEGImages/BloodImage_00044.jpg 196,257,345,411,1 1,40,121,154,1 68,371,209,473,0 69,288,154,383,0 409,54,517,161,0 49,142,157,249,0 207,59,315,166,0 170,145,278,252,0 301,23,409,130,0 503,168,611,275,0 520,94,628,201,0 505,30,613,137,0 516,415,622,480,0 1,323,79,435,0 520,377,555,413,2 561,366,596,402,2 353,434,388,470,2 114,126,150,157,2 387,319,482,412,0 502,310,537,346,2
E:\PytorchObjectTwo\helloPytorch\yolov7-pytorch-master\VOCdevkit/VOC2007/JPEGImages/BloodImage_00045.jpg 326,235,422,338,0 173,272,269,375,0 223,273,319,376,0 240,361,344,460,0 81,336,185,435,0 1,344,103,443,0 349,398,445,480,0 386,386,482,468,0 410,360,506,442,0 451,339,547,421,0 475,319,571,401,0 495,304,591,386,0 437,201,533,283,0 470,209,566,291,0 506,222,602,304,0 390,90,489,194,0 1,109,99,213,0 80,69,180,173,0 184,103,269,184,0 343,13,428,94,0 555,139,640,220,0 491,21,633,144,1 230,183,326,286,0 162,41,258,144,0 173,13,204,41,2
E:\PytorchObjectTwo\helloPytorch\yolov7-pytorch-master\VOCdevkit/VOC2007/JPEGImages/BloodImage_00046.jpg 312,1,453,92,1 47,237,99,281,2 340,143,473,259,0 245,129,358,233,0 241,29,354,133,0 138,294,251,398,0 61,313,174,417,0 157,391,262,480,0 218,417,315,480,0 1,417,109,480,0 521,90,609,181,0 479,109,567,200,0 463,172,551,263,0 499,189,587,280,0 519,209,607,300,0 532,239,640,337,0 485,398,623,480,0 106,22,213,120,0 1,83,85,189,0 7,1,112,91,0 214,284,328,383,0 338,296,415,383,0 334,349,411,436,0 269,387,377,480,0
E:\PytorchObjectTwo\helloPytorch\yolov7-pytorch-master\VOCdevkit/VOC2007/JPEGImages/BloodImage_00047.jpg 278,147,383,259,1 207,214,240,242,2 258,263,291,291,2 12,277,40,311,2 32,102,163,230,0 19,1,114,90,0 1,25,95,115,0 110,25,226,117,0 199,1,314,92,0 377,273,485,373,0 416,379,506,480,0 269,379,359,480,0 392,177,494,276,0 478,47,560,136,0 552,1,640,96,0 290,268,394,375,0 232,298,336,405,0 139,318,248,419,0 296,51,392,142,0 371,75,467,166,0 439,1,546,45,0
E:\PytorchObjectTwo\helloPytorch\yolov7-pytorch-master\VOCdevkit/VOC2007/JPEGImages/BloodImage_00048.jpg 506,192,551,232,2 200,151,355,303,1 149,281,295,387,0 90,144,193,249,0 1,59,102,164,0 1,12,102,117,0 64,1,162,60,0 209,72,317,139,0 404,259,503,370,0 191,369,290,480,0 38,246,137,357,0 396,16,512,118,0 566,96,640,200,0 524,306,640,408,0 548,400,640,480,0 380,349,479,460,0 467,414,555,480,0
E:\PytorchObjectTwo\helloPytorch\yolov7-pytorch-master\VOCdevkit/VOC2007/JPEGImages/BloodImage_00049.jpg 156,248,292,363,1 140,202,191,250,2 486,81,599,196,0 423,265,507,356,0 556,347,639,438,0 368,315,495,430,0 261,332,388,447,0 369,171,480,263,0 378,44,485,164,0 180,104,278,211,0 58,142,156,249,0 1,124,87,267,0 279,236,377,343,0 282,127,380,234,0 246,1,377,115,0 153,1,254,78,0 453,1,594,108,0 1,241,68,351,0 41,1,139,108,0
E:\PytorchObjectTwo\helloPytorch\yolov7-pytorch-master\VOCdevkit/VOC2007/JPEGImages/BloodImage_00050.jpg 111,149,205,254,0 484,80,593,186,0 365,109,474,215,0 421,301,528,418,0 250,313,348,419,0 158,317,256,423,0 321,39,424,146,0 29,64,141,169,0 323,248,449,353,0 514,368,612,474,0 172,1,304,117,1
E:\PytorchObjectTwo\helloPytorch\yolov7-pytorch-master\VOCdevkit/VOC2007/JPEGImages/BloodImage_00052.jpg 214,81,333,183,0 332,56,423,151,0 346,157,437,252,0 415,241,506,336,0 175,121,255,201,0 448,392,547,480,0 257,388,372,480,0 6,388,121,480,0 494,51,609,150,0 375,1,508,80,0 549,340,640,442,0 571,201,640,333,0 39,84,153,207,0 22,278,136,401,0 113,232,241,366,1 294,194,338,234,2 241,258,285,298,2 481,236,546,321,0
E:\PytorchObjectTwo\helloPytorch\yolov7-pytorch-master\VOCdevkit/VOC2007/JPEGImages/BloodImage_00053.jpg 259,317,370,429,0 95,343,234,454,0 259,57,373,150,0 559,1,640,87,0 433,1,541,115,0 553,115,640,250,0 446,269,533,404,0 392,125,479,260,0 1,72,119,200,0 529,278,640,390,0 106,12,242,143,1 316,140,362,180,2 354,215,400,255,2 70,221,181,333,0
E:\PytorchObjectTwo\helloPytorch\yolov7-pytorch-master\VOCdevkit/VOC2007/JPEGImages/BloodImage_00054.jpg 451,19,560,108,0 408,118,514,211,0 432,415,573,480,0 269,323,373,443,0 288,138,399,232,0 533,205,637,325,0 477,269,600,367,0 135,186,219,265,0 5,218,114,300,0 42,340,161,453,0 145,61,262,166,1 557,125,640,214,0 282,408,377,480,0 180,343,270,434,0
E:\PytorchObjectTwo\helloPytorch\yolov7-pytorch-master\VOCdevkit/VOC2007/JPEGImages/BloodImage_00055.jpg 330,15,439,100,0 236,20,337,131,0 319,231,405,327,0 487,143,594,265,0 280,407,366,480,0 211,407,297,480,0 555,304,640,415,0 422,283,540,388,0 77,1,186,85,0 36,12,126,105,0 153,134,275,258,1 601,105,634,146,2 618,154,640,195,2 535,381,568,422,2
E:\PytorchObjectTwo\helloPytorch\yolov7-pytorch-master\VOCdevkit/VOC2007/JPEGImages/BloodImage_00057.jpg 488,252,596,357,0 393,127,487,214,0 460,64,565,172,0 5,319,110,427,0 221,315,322,406,0 267,17,364,117,0 165,71,317,215,1 549,405,585,444,2 513,401,549,440,2 322,291,415,391,0 410,290,503,390,0
E:\PytorchObjectTwo\helloPytorch\yolov7-pytorch-master\VOCdevkit/VOC2007/JPEGImages/BloodImage_00058.jpg 201,223,314,322,0 1,252,89,357,0 203,336,292,441,0 507,293,624,422,0 464,76,577,175,0 6,33,141,169,0 106,229,188,325,0 196,146,289,221,0 211,4,338,132,1 330,442,373,480,2
E:\PytorchObjectTwo\helloPytorch\yolov7-pytorch-master\VOCdevkit/VOC2007/JPEGImages/BloodImage_00059.jpg 405,191,525,282,0 282,269,402,360,0 116,366,236,457,0 27,281,147,372,0 47,95,167,186,0 160,36,256,122,0 409,49,521,141,0 228,312,340,420,0 109,178,221,286,0 293,55,392,160,0 49,1,145,82,0 512,416,619,480,0 209,173,328,298,1
E:\PytorchObjectTwo\helloPytorch\yolov7-pytorch-master\VOCdevkit/VOC2007/JPEGImages/BloodImage_00062.jpg 140,161,264,253,0 360,283,451,374,0 429,302,559,418,0 521,231,629,328,0 392,153,528,261,0 408,56,502,154,0 372,1,466,98,0 546,48,640,146,0 173,1,286,93,0 61,1,160,72,0 1,25,66,121,0 91,261,249,399,1 264,80,305,125,2
E:\PytorchObjectTwo\helloPytorch\yolov7-pytorch-master\VOCdevkit/VOC2007/JPEGImages/BloodImage_00063.jpg 21,187,118,288,0 194,91,291,192,0 543,230,640,331,0 431,134,548,239,0 210,203,303,301,0 118,1,206,81,0 169,371,257,452,0 38,78,163,177,0 383,61,483,156,0 366,295,493,417,1
E:\PytorchObjectTwo\helloPytorch\yolov7-pytorch-master\VOCdevkit/VOC2007/JPEGImages/BloodImage_00064.jpg 474,202,609,309,0 356,248,441,333,0 393,343,494,429,0 232,150,334,240,0 416,1,518,90,0 204,45,306,135,0 218,316,320,406,0 507,308,612,399,0 501,406,603,480,0 1,228,85,308,0 28,129,172,243,1
E:\PytorchObjectTwo\helloPytorch\yolov7-pytorch-master\VOCdevkit/VOC2007/JPEGImages/BloodImage_00065.jpg 166,180,266,287,0 33,127,133,234,0 557,150,640,272,0 244,17,337,107,0 17,1,111,68,0 253,275,387,392,1 404,107,538,224,1 495,298,534,335,2
E:\PytorchObjectTwo\helloPytorch\yolov7-pytorch-master\VOCdevkit/VOC2007/JPEGImages/BloodImage_00066.jpg 91,3,194,109,0 92,150,188,259,0 469,54,581,150,0 377,316,489,412,0 98,367,185,455,0 16,34,103,122,0 289,311,376,399,0 522,407,627,478,0 435,194,577,329,1 464,136,507,174,2
E:\PytorchObjectTwo\helloPytorch\yolov7-pytorch-master\VOCdevkit/VOC2007/JPEGImages/BloodImage_00067.jpg 20,1,130,107,0 140,69,250,176,0 1,329,99,430,0 255,188,357,292,0 367,74,469,178,0 537,131,640,235,0 495,229,598,333,0 412,230,500,314,0 440,415,528,480,0 12,102,114,206,0 81,232,176,353,0 137,344,272,471,1
E:\PytorchObjectTwo\helloPytorch\yolov7-pytorch-master\VOCdevkit/VOC2007/JPEGImages/BloodImage_00069.jpg 17,235,114,335,0 210,272,307,372,0 325,134,445,238,0 270,57,380,158,0 160,1,283,86,0 190,153,298,253,0 428,379,536,480,0 477,196,585,297,0 487,16,575,98,0 525,122,613,204,0 1,321,115,439,0 111,308,225,406,0 341,260,482,385,1 306,342,345,373,2 438,198,474,234,2
E:\PytorchObjectTwo\helloPytorch\yolov7-pytorch-master\VOCdevkit/VOC2007/JPEGImages/BloodImage_00071.jpg 300,365,427,474,0 487,17,614,126,0 160,200,265,300,0 69,8,193,109,0 181,91,286,191,0 82,280,191,394,0 509,252,618,366,0 83,128,207,253,0 173,358,306,480,1
E:\PytorchObjectTwo\helloPytorch\yolov7-pytorch-master\VOCdevkit/VOC2007/JPEGImages/BloodImage_00072.jpg 204,56,354,155,0 116,223,214,317,0 517,239,610,365,0 189,288,314,408,1
E:\PytorchObjectTwo\helloPytorch\yolov7-pytorch-master\VOCdevkit/VOC2007/JPEGImages/BloodImage_00073.jpg 253,385,391,480,0 410,121,529,215,0 553,166,640,260,0 295,189,387,285,0 169,386,256,480,0 222,288,306,373,0 24,1,143,91,0 111,237,206,323,0 545,261,640,347,0 562,351,640,437,0 365,201,444,276,0 211,49,353,177,1 263,194,293,223,2 513,220,543,249,2
E:\PytorchObjectTwo\helloPytorch\yolov7-pytorch-master\VOCdevkit/VOC2007/JPEGImages/BloodImage_00074.jpg 87,300,176,396,0 299,180,416,283,0 553,229,640,322,0 509,142,613,245,0 499,1,605,101,0 453,62,559,163,0 534,58,640,159,0 408,239,525,342,0 329,378,418,472,0 491,398,584,480,0 406,398,499,480,0 6,398,99,480,0 152,23,235,129,0 6,10,130,154,1 331,35,378,75,2
E:\PytorchObjectTwo\helloPytorch\yolov7-pytorch-master\VOCdevkit/VOC2007/JPEGImages/BloodImage_00075.jpg 251,167,353,275,0 345,221,447,329,0 251,252,353,360,0 148,160,250,268,0 437,363,556,480,0 509,242,613,344,0 544,1,640,79,0 29,167,131,275,0 457,246,545,349,0 1,1,74,131,0 166,6,325,114,1
E:\PytorchObjectTwo\helloPytorch\yolov7-pytorch-master\VOCdevkit/VOC2007/JPEGImages/BloodImage_00076.jpg 216,243,321,333,0 535,184,640,302,0 158,136,284,215,0 221,383,324,464,0 453,50,556,131,0 309,135,412,216,0 1,355,94,448,0 102,1,199,78,0 117,398,214,476,0 543,401,640,480,0 362,390,460,469,0 98,235,211,351,1
E:\PytorchObjectTwo\helloPytorch\yolov7-pytorch-master\VOCdevkit/VOC2007/JPEGImages/BloodImage_00077.jpg 10,163,94,258,0 243,200,346,327,0 477,123,580,250,0 416,316,527,441,0 385,155,480,256,0 391,26,486,127,0 1,312,87,412,0 566,71,640,171,0 134,92,304,209,1 260,364,299,400,2 472,255,511,291,2
E:\PytorchObjectTwo\helloPytorch\yolov7-pytorch-master\VOCdevkit/VOC2007/JPEGImages/BloodImage_00078.jpg 400,247,504,345,0 400,306,504,404,0 536,189,640,287,0 332,1,437,87,0 65,37,168,149,0 452,8,556,95,0 442,145,546,253,0 252,166,356,264,0 1,116,79,216,0 301,366,402,467,0 328,92,429,193,0 92,311,257,449,1 173,102,209,138,2 598,399,639,440,2
E:\PytorchObjectTwo\helloPytorch\yolov7-pytorch-master\VOCdevkit/VOC2007/JPEGImages/BloodImage_00081.jpg 346,196,456,279,0 243,266,353,349,0 239,174,343,270,0 232,1,336,88,0 104,1,211,106,0 299,60,415,162,0 499,28,613,127,0 7,287,111,383,0 210,367,314,463,0 493,98,597,194,0 444,1,512,67,0 14,405,95,480,0 149,279,235,361,0 137,382,211,459,0 301,346,451,462,1 358,300,401,345,2 249,87,292,132,2
E:\PytorchObjectTwo\helloPytorch\yolov7-pytorch-master\VOCdevkit/VOC2007/JPEGImages/BloodImage_00082.jpg 93,64,212,157,0 1,1,93,141,0 15,375,110,475,0 264,223,397,333,0 1,204,133,314,0 477,292,610,402,0 422,207,522,311,0 446,376,546,480,0 216,99,332,201,0 110,293,226,395,0 257,335,380,456,1
E:\PytorchObjectTwo\helloPytorch\yolov7-pytorch-master\VOCdevkit/VOC2007/JPEGImages/BloodImage_00083.jpg 91,255,272,402,1 462,83,498,119,2 429,16,482,65,2 165,431,201,467,2 514,267,633,372,0 209,151,328,256,0 247,119,366,224,0 310,135,429,240,0 356,130,475,235,0 399,153,518,258,0 437,161,556,266,0 506,137,625,242,0 113,1,232,105,0 217,1,336,105,0 292,27,411,132,0 1,182,100,312,0 358,398,478,480,0
E:\PytorchObjectTwo\helloPytorch\yolov7-pytorch-master\VOCdevkit/VOC2007/JPEGImages/BloodImage_00086.jpg 71,126,192,245,1 450,51,490,88,2 554,360,594,397,2 511,425,551,462,2 1,204,39,241,2 428,103,546,202,0 305,254,423,353,0 269,368,387,467,0 1,244,118,343,0 1,307,118,406,0 77,424,170,480,0 191,55,302,184,0 239,173,333,266,0 377,327,466,432,0 294,157,388,250,0
E:\PytorchObjectTwo\helloPytorch\yolov7-pytorch-master\VOCdevkit/VOC2007/JPEGImages/BloodImage_00087.jpg 495,100,605,187,0 407,88,516,179,0 351,195,465,307,0 373,386,479,480,0 127,1,233,93,0 296,86,402,179,0 129,347,235,440,0 192,223,296,329,1
E:\PytorchObjectTwo\helloPytorch\yolov7-pytorch-master\VOCdevkit/VOC2007/JPEGImages/BloodImage_00089.jpg 211,345,321,417,0 385,125,495,240,0 249,112,359,227,0 487,159,604,275,0 204,1,319,103,0 67,286,151,383,0 475,403,566,480,0 308,403,426,480,0 26,59,129,169,0 1,20,80,146,0 306,236,451,374,1 304,217,333,253,2
E:\PytorchObjectTwo\helloPytorch\yolov7-pytorch-master\VOCdevkit/VOC2007/JPEGImages/BloodImage_00090.jpg 230,143,358,243,0 237,1,348,84,0 134,78,245,162,0 80,53,173,136,0 495,1,591,79,0 106,203,199,287,0 408,383,501,467,0 461,374,554,458,0 232,377,325,461,0 471,80,571,189,0 378,1,482,72,0 19,155,119,256,0 240,262,362,389,1 402,72,440,113,2 262,74,300,115,2
E:\PytorchObjectTwo\helloPytorch\yolov7-pytorch-master\VOCdevkit/VOC2007/JPEGImages/BloodImage_00092.jpg 14,275,115,381,0 1,374,101,480,0 343,366,444,472,0 294,386,384,480,0 333,248,423,342,0 198,1,282,133,0 460,146,548,253,0 495,145,583,252,0 543,158,640,260,0 520,267,630,371,0 310,183,399,266,0 533,1,640,74,0 282,42,413,169,1 485,336,524,368,2
E:\PytorchObjectTwo\helloPytorch\yolov7-pytorch-master\VOCdevkit/VOC2007/JPEGImages/BloodImage_00093.jpg 452,200,587,308,0 357,319,465,420,0 295,379,403,480,0 108,222,216,323,0 197,379,305,480,0 440,24,548,125,0 362,1,470,100,0 575,269,640,366,0 290,113,355,210,0 226,293,331,382,0 1,357,107,473,0 479,290,519,326,2 9,1,137,103,1
E:\PytorchObjectTwo\helloPytorch\yolov7-pytorch-master\VOCdevkit/VOC2007/JPEGImages/BloodImage_00094.jpg 4,354,119,452,0 29,233,162,372,0 39,174,153,267,0 138,168,206,298,0 22,1,105,79,0 260,46,363,157,0 383,15,470,100,0 169,104,278,191,0 194,227,313,315,0 160,318,275,432,0 231,320,346,434,0 356,301,471,428,0 94,42,171,174,0 3,88,106,179,0 131,3,229,113,0 545,167,640,304,0 457,420,577,480,0 460,347,500,393,2 307,128,536,329,1
E:\PytorchObjectTwo\helloPytorch\yolov7-pytorch-master\VOCdevkit/VOC2007/JPEGImages/BloodImage_00095.jpg 8,209,120,298,0 137,307,244,414,0 56,266,140,406,0 347,257,465,361,0 257,328,366,411,0 244,176,332,313,0 313,162,420,269,0 516,256,633,363,0 519,102,636,209,0 244,407,363,480,0 130,207,254,293,0 50,69,173,174,0 407,215,495,298,0 476,1,564,66,0 363,354,459,480,0 486,62,535,102,2 193,1,413,186,1
E:\PytorchObjectTwo\helloPytorch\yolov7-pytorch-master\VOCdevkit/VOC2007/JPEGImages/BloodImage_00097.jpg 451,271,544,365,0 453,340,546,434,0 205,369,302,480,0 270,319,367,430,0 164,173,245,279,0 206,52,309,179,0 61,131,160,236,0 555,172,640,274,0 37,303,144,403,0 502,57,610,157,0 381,2,489,102,0 103,25,193,113,0 1,32,89,120,0 247,248,352,336,0 1,138,80,238,0 106,228,182,319,0 268,91,554,286,1
E:\PytorchObjectTwo\helloPytorch\yolov7-pytorch-master\VOCdevkit/VOC2007/JPEGImages/BloodImage_00098.jpg 371,278,481,380,0 538,167,636,262,0 497,61,599,159,0 105,221,191,322,0 225,349,310,434,0 66,266,152,357,0 1,1,92,72,0 31,152,114,235,0 377,153,466,244,0 256,28,380,137,0 63,43,155,154,0 418,64,517,166,0 307,363,396,454,0 178,130,360,311,1 29,414,72,449,2
E:\PytorchObjectTwo\helloPytorch\yolov7-pytorch-master\VOCdevkit/VOC2007/JPEGImages/BloodImage_00099.jpg 381,191,475,287,0 144,150,255,249,0 115,214,226,332,0 410,244,521,362,0 508,128,601,239,0 433,12,534,121,0 539,359,640,468,0 545,263,640,357,0 52,330,147,424,0 291,22,408,112,0 225,361,343,460,0 384,401,502,480,0 27,1,140,67,0 536,1,640,77,0 137,338,232,448,0 224,229,384,345,1 336,156,368,184,2 385,66,418,97,2
E:\PytorchObjectTwo\helloPytorch\yolov7-pytorch-master\VOCdevkit/VOC2007/JPEGImages/BloodImage_00100.jpg 229,238,342,330,0 152,146,268,257,0 150,144,266,255,0 70,197,179,300,0 7,1,103,82,0 469,28,573,121,0 494,137,596,237,0 27,305,111,395,0 45,105,129,195,0 32,191,116,281,0 339,262,405,367,0 368,59,460,146,0 415,140,516,226,0 344,412,445,479,0 144,250,234,348,0 398,228,590,431,1 306,383,347,421,2
E:\PytorchObjectTwo\helloPytorch\yolov7-pytorch-master\VOCdevkit/VOC2007/JPEGImages/BloodImage_00101.jpg 122,270,243,377,0 2,128,123,235,0 240,39,361,146,0 354,79,462,179,0 437,43,545,143,0 484,128,591,230,0 118,1,221,93,0 229,165,349,255,0 545,41,640,136,0 313,196,424,290,0 206,223,316,329,0 181,338,276,438,0 440,227,574,295,0 364,289,521,432,1 271,413,308,447,2 543,349,574,378,2
E:\PytorchObjectTwo\helloPytorch\yolov7-pytorch-master\VOCdevkit/VOC2007/JPEGImages/BloodImage_00104.jpg 430,82,514,162,0 474,1,559,70,0 406,1,494,60,0 413,166,507,265,0 342,25,429,110,0 33,158,123,258,0 178,177,286,286,0 88,277,188,381,0 61,341,157,435,0 83,16,190,117,0 521,379,637,480,0 490,113,591,215,0 496,245,578,343,0 494,243,576,341,0 174,393,217,441,2 259,259,492,464,1
E:\PytorchObjectTwo\helloPytorch\yolov7-pytorch-master\VOCdevkit/VOC2007/JPEGImages/BloodImage_00106.jpg 82,1,214,79,0 316,130,404,238,0 281,246,372,339,0 395,4,486,96,0 409,356,505,448,0 559,160,640,253,0 524,26,605,119,0 490,395,580,477,0 46,295,134,408,0 95,99,190,202,0 185,86,276,171,0 98,196,211,299,0 187,267,272,360,0 210,321,301,411,0 131,346,238,446,0 374,181,549,334,1 249,406,288,447,2
E:\PytorchObjectTwo\helloPytorch\yolov7-pytorch-master\VOCdevkit/VOC2007/JPEGImages/BloodImage_00107.jpg 298,22,416,130,0 331,310,449,418,0 263,150,347,231,0 204,1,301,105,0 11,89,94,177,0 106,208,189,296,0 10,318,93,406,0 527,124,610,212,0 528,260,639,371,0 428,368,552,480,0 44,149,134,234,0 102,40,196,122,0 347,206,391,243,2 157,282,309,435,1
E:\PytorchObjectTwo\helloPytorch\yolov7-pytorch-master\VOCdevkit/VOC2007/JPEGImages/BloodImage_00108.jpg 339,83,429,166,0 283,42,374,129,0 285,181,383,287,0 187,217,285,310,0 401,170,512,279,0 496,219,609,336,0 438,261,540,375,0 530,99,632,213,0 62,217,164,331,0 1,154,77,266,0 160,99,272,211,0 344,1,449,58,0 452,1,557,58,0 185,429,276,480,0 247,295,436,449,1 1,41,25,82,2
E:\PytorchObjectTwo\helloPytorch\yolov7-pytorch-master\VOCdevkit/VOC2007/JPEGImages/BloodImage_00109.jpg 389,158,486,248,0 500,373,598,465,0 297,155,393,255,0 393,3,500,104,0 259,166,354,268,0 262,286,362,411,0 102,48,216,159,0 37,148,151,237,0 34,229,125,307,0 214,62,309,170,0 60,355,164,458,0 363,251,519,421,1
E:\PytorchObjectTwo\helloPytorch\yolov7-pytorch-master\VOCdevkit/VOC2007/JPEGImages/BloodImage_00110.jpg 364,41,494,165,0 493,146,623,270,0 284,202,393,290,0 260,17,373,90,0 83,206,171,284,0 108,66,210,151,0 214,372,301,474,0 139,287,226,378,0 114,386,216,473,0 1,83,102,183,0 268,283,468,455,1 248,59,278,88,2 468,49,503,85,2
E:\PytorchObjectTwo\helloPytorch\yolov7-pytorch-master\VOCdevkit/VOC2007/JPEGImages/BloodImage_00111.jpg 458,198,571,296,0 405,240,518,338,0 365,40,478,138,0 512,75,630,188,0 468,71,570,175,0 175,169,288,267,0 278,358,391,456,0 527,306,640,404,0 229,31,342,129,0 23,44,136,142,0 21,310,134,408,0 121,280,234,378,0 60,382,143,480,0 50,134,194,254,0 399,405,495,480,0 142,378,258,480,1 360,85,395,115,2
E:\PytorchObjectTwo\helloPytorch\yolov7-pytorch-master\VOCdevkit/VOC2007/JPEGImages/BloodImage_00112.jpg 178,350,278,438,0 162,141,262,229,0 205,30,314,143,0 95,1,198,81,0 287,260,389,367,0 448,128,550,235,0 430,243,525,337,0 423,385,518,480,0 369,18,434,87,0 2,57,98,137,0 353,123,454,224,0 22,154,122,242,0 1,264,161,414,1 533,108,580,151,2 79,168,180,279,0
E:\PytorchObjectTwo\helloPytorch\yolov7-pytorch-master\VOCdevkit/VOC2007/JPEGImages/BloodImage_00114.jpg 173,194,270,292,0 359,214,456,312,0 415,230,512,328,0 364,336,473,448,0 240,265,349,377,0 159,368,263,465,0 50,407,168,477,0 123,15,249,147,0 1,284,97,382,0 512,167,609,265,0 322,396,410,480,0 52,230,156,316,0 9,127,116,220,0 32,1,139,72,0 224,74,391,206,1
E:\PytorchObjectTwo\helloPytorch\yolov7-pytorch-master\VOCdevkit/VOC2007/JPEGImages/BloodImage_00117.jpg 507,63,609,180,0 426,383,528,480,0 186,54,290,174,0 108,1,228,104,0 1,1,114,96,0 314,5,428,101,0 61,261,165,359,0 98,393,192,480,0 524,357,574,398,2 209,310,242,347,2 242,87,466,301,1 287,383,396,480,0 517,405,620,474,0
E:\PytorchObjectTwo\helloPytorch\yolov7-pytorch-master\VOCdevkit/VOC2007/JPEGImages/BloodImage_00120.jpg 422,191,536,291,0 53,141,192,262,0 354,277,480,393,0 223,230,349,346,0 514,358,615,455,0 246,1,344,86,0 100,49,198,135,0 92,290,190,376,0 394,388,469,469,0 160,76,334,220,1
E:\PytorchObjectTwo\helloPytorch\yolov7-pytorch-master\VOCdevkit/VOC2007/JPEGImages/BloodImage_00124.jpg 297,131,374,222,0 473,217,599,313,0 360,126,463,237,0 144,184,275,322,0 37,279,104,377,0 476,46,543,144,0 529,319,602,415,0 9,406,114,480,0 207,284,312,374,0 295,292,490,447,1 153,425,184,458,2 377,46,473,142,0
E:\PytorchObjectTwo\helloPytorch\yolov7-pytorch-master\VOCdevkit/VOC2007/JPEGImages/BloodImage_00125.jpg 333,174,421,274,0 312,16,416,119,0 173,51,252,140,0 453,291,538,383,0 408,219,501,315,0 460,119,553,215,0 287,369,394,480,0 1,204,68,310,0 201,355,303,469,0 28,12,119,120,0 104,149,275,302,1 511,253,544,285,2 170,15,202,55,2 50,77,69,100,2 376,142,411,174,2
E:\PytorchObjectTwo\helloPytorch\yolov7-pytorch-master\VOCdevkit/VOC2007/JPEGImages/BloodImage_00126.jpg 307,235,409,328,0 330,133,442,227,0 192,150,302,260,0 254,1,366,93,0 52,16,140,112,0 27,253,136,344,0 334,58,443,149,0 252,317,359,418,0 200,266,293,391,0 477,165,590,238,0 444,129,550,204,0 400,370,547,480,1
E:\PytorchObjectTwo\helloPytorch\yolov7-pytorch-master\VOCdevkit/VOC2007/JPEGImages/BloodImage_00130.jpg 470,282,551,370,0 479,342,566,429,0 566,322,640,424,0 301,329,412,443,0 254,231,335,323,0 30,313,134,426,0 155,94,236,208,0 203,310,311,440,0 238,53,414,210,1
E:\PytorchObjectTwo\helloPytorch\yolov7-pytorch-master\VOCdevkit/VOC2007/JPEGImages/BloodImage_00132.jpg 177,154,302,272,0 221,271,346,389,0 255,40,373,152,0 379,22,496,133,0 78,382,188,480,0 20,8,154,113,0 137,34,280,158,0 46,212,193,370,1 445,455,489,479,2
E:\PytorchObjectTwo\helloPytorch\yolov7-pytorch-master\VOCdevkit/VOC2007/JPEGImages/BloodImage_00133.jpg 471,11,592,130,0 552,200,640,318,0 520,312,632,430,0 58,260,171,375,0 336,158,443,256,0 84,379,191,477,0 227,320,341,429,0 1,327,59,431,0 376,310,453,407,0 135,1,302,117,2
E:\PytorchObjectTwo\helloPytorch\yolov7-pytorch-master\VOCdevkit/VOC2007/JPEGImages/BloodImage_00134.jpg 250,196,405,337,1 5,455,38,480,2 596,259,640,307,2
E:\PytorchObjectTwo\helloPytorch\yolov7-pytorch-master\VOCdevkit/VOC2007/JPEGImages/BloodImage_00135.jpg 20,243,105,328,0 201,261,316,341,0 247,83,375,214,0 341,314,429,415,0 83,100,180,193,0 456,234,544,344,0 460,1,548,71,0 95,195,222,316,0 42,345,185,480,2 224,168,273,213,2 345,198,396,239,2 177,34,215,64,2 391,319,479,420,0 141,104,241,212,0
E:\PytorchObjectTwo\helloPytorch\yolov7-pytorch-master\VOCdevkit/VOC2007/JPEGImages/BloodImage_00136.jpg 439,279,550,372,0 464,117,577,227,0 414,44,507,148,0 321,213,430,337,0 246,329,350,429,0 345,357,473,465,0 200,395,316,480,0 323,41,425,128,0 359,110,461,197,0 106,115,279,273,1 550,441,592,480,2 101,240,143,286,2
E:\PytorchObjectTwo\helloPytorch\yolov7-pytorch-master\VOCdevkit/VOC2007/JPEGImages/BloodImage_00137.jpg 146,333,273,459,0 211,247,316,360,0 79,145,208,264,0 466,231,555,320,0 227,10,399,153,1 264,248,351,352,0
E:\PytorchObjectTwo\helloPytorch\yolov7-pytorch-master\VOCdevkit/VOC2007/JPEGImages/BloodImage_00139.jpg 229,7,338,117,0 258,225,368,333,0 77,226,187,334,0 88,58,232,222,0 469,303,598,420,0 401,273,515,380,0 159,314,269,422,0 478,228,592,335,0 11,312,121,420,0 269,353,440,480,1 179,208,223,245,2 115,1,157,34,2
E:\PytorchObjectTwo\helloPytorch\yolov7-pytorch-master\VOCdevkit/VOC2007/JPEGImages/BloodImage_00140.jpg 337,260,469,386,0 489,259,615,362,0 65,343,219,476,0 540,74,640,171,0 48,216,153,315,0 405,329,550,423,0 239,100,375,242,1 483,100,583,197,0 441,79,542,176,0
E:\PytorchObjectTwo\helloPytorch\yolov7-pytorch-master\VOCdevkit/VOC2007/JPEGImages/BloodImage_00142.jpg 335,54,466,163,0 403,170,517,274,0 485,201,598,284,0 348,372,441,480,0 18,276,111,384,0 101,12,206,117,0 1,113,27,149,2 211,172,389,324,1 569,422,606,455,2
E:\PytorchObjectTwo\helloPytorch\yolov7-pytorch-master\VOCdevkit/VOC2007/JPEGImages/BloodImage_00143.jpg 344,274,448,392,0 416,371,572,461,0 417,176,504,277,0 472,175,581,275,0 340,38,444,156,0 40,41,222,206,1 266,191,317,228,2
E:\PytorchObjectTwo\helloPytorch\yolov7-pytorch-master\VOCdevkit/VOC2007/JPEGImages/BloodImage_00144.jpg 86,1,208,101,0 116,66,242,195,0 185,1,310,76,0 508,94,606,190,0 2,285,80,387,0 566,337,640,422,0 421,218,589,371,1 216,200,315,296,0 242,194,341,290,0 289,195,388,291,0
E:\PytorchObjectTwo\helloPytorch\yolov7-pytorch-master\VOCdevkit/VOC2007/JPEGImages/BloodImage_00145.jpg 239,265,342,357,0 168,1,271,92,0 375,102,479,211,0 498,114,621,236,0 197,92,309,193,0 3,76,112,175,0 356,210,457,324,0 78,163,192,287,0 468,317,583,435,0 106,388,209,480,0 146,325,200,368,2 217,247,260,290,2 340,300,385,346,2 300,353,459,480,1
E:\PytorchObjectTwo\helloPytorch\yolov7-pytorch-master\VOCdevkit/VOC2007/JPEGImages/BloodImage_00147.jpg 200,249,238,294,2 339,42,514,207,1
E:\PytorchObjectTwo\helloPytorch\yolov7-pytorch-master\VOCdevkit/VOC2007/JPEGImages/BloodImage_00148.jpg 404,253,511,356,0 278,300,385,403,0 501,170,608,273,0 86,1,193,124,0 255,187,406,321,1 507,265,566,334,2
E:\PytorchObjectTwo\helloPytorch\yolov7-pytorch-master\VOCdevkit/VOC2007/JPEGImages/BloodImage_00149.jpg 328,181,430,281,0 15,1,130,96,0 435,154,549,266,0 104,240,218,338,0 524,363,638,460,0 513,20,627,117,0 228,51,343,160,0 373,69,464,149,0 407,396,446,428,2 58,55,207,206,1
E:\PytorchObjectTwo\helloPytorch\yolov7-pytorch-master\VOCdevkit/VOC2007/JPEGImages/BloodImage_00150.jpg 278,11,405,149,1 392,36,416,60,2
E:\PytorchObjectTwo\helloPytorch\yolov7-pytorch-master\VOCdevkit/VOC2007/JPEGImages/BloodImage_00152.jpg 128,31,281,172,1
E:\PytorchObjectTwo\helloPytorch\yolov7-pytorch-master\VOCdevkit/VOC2007/JPEGImages/BloodImage_00154.jpg 208,278,312,400,0 247,232,351,337,0 325,163,429,268,0 257,105,361,210,0 100,393,247,480,0 1,60,104,165,0 354,4,513,153,1 230,146,267,177,2
E:\PytorchObjectTwo\helloPytorch\yolov7-pytorch-master\VOCdevkit/VOC2007/JPEGImages/BloodImage_00156.jpg 169,326,296,405,0 216,187,341,296,0 93,128,179,208,0 105,245,195,362,0 5,162,108,259,0 3,252,118,343,0 299,225,414,316,0 374,229,498,328,0 160,415,280,480,0 451,400,486,434,2 381,440,432,474,2 534,370,586,426,2 463,428,515,474,2 409,59,460,96,2 71,76,102,104,2 6,331,137,480,1
E:\PytorchObjectTwo\helloPytorch\yolov7-pytorch-master\VOCdevkit/VOC2007/JPEGImages/BloodImage_00157.jpg 108,147,217,248,0 523,128,632,229,0 365,355,495,456,0 202,183,377,345,1
E:\PytorchObjectTwo\helloPytorch\yolov7-pytorch-master\VOCdevkit/VOC2007/JPEGImages/BloodImage_00158.jpg 237,344,325,436,0 148,177,236,269,0 475,343,597,465,0 267,221,354,325,0 42,63,136,152,0 339,219,500,364,1 250,80,283,117,2
E:\PytorchObjectTwo\helloPytorch\yolov7-pytorch-master\VOCdevkit/VOC2007/JPEGImages/BloodImage_00159.jpg 239,6,331,103,0 487,20,620,137,0 418,171,524,282,0 487,253,598,363,0 274,382,384,480,0 192,36,236,79,2 149,78,191,117,2 544,213,600,267,2 168,122,338,287,1
E:\PytorchObjectTwo\helloPytorch\yolov7-pytorch-master\VOCdevkit/VOC2007/JPEGImages/BloodImage_00160.jpg 170,185,280,287,0 402,215,512,317,0 501,303,611,405,0 492,63,602,165,0 1,31,111,136,0 148,297,270,400,0 263,78,385,181,0 426,147,529,233,0 140,1,243,86,0 66,144,111,188,2 260,292,484,480,1
E:\PytorchObjectTwo\helloPytorch\yolov7-pytorch-master\VOCdevkit/VOC2007/JPEGImages/BloodImage_00163.jpg 474,80,575,176,0 405,78,506,174,0 453,227,550,348,0 64,89,161,210,0 1,330,87,434,0 277,301,389,394,0 279,128,437,301,1 604,125,640,177,2
E:\PytorchObjectTwo\helloPytorch\yolov7-pytorch-master\VOCdevkit/VOC2007/JPEGImages/BloodImage_00164.jpg 169,179,300,317,0 423,336,520,453,0 532,358,629,475,0 353,39,448,135,0 345,124,451,245,0 309,233,415,354,0 532,151,639,268,0 455,69,593,184,0 4,188,136,316,0 102,77,220,196,0 124,300,335,480,1 589,134,626,167,2
E:\PytorchObjectTwo\helloPytorch\yolov7-pytorch-master\VOCdevkit/VOC2007/JPEGImages/BloodImage_00165.jpg 388,157,478,262,0 266,385,373,480,0 359,363,466,458,0 306,274,428,380,0 56,296,178,402,0 104,176,200,279,0 386,4,514,122,0 449,389,541,480,0 425,252,513,364,0 230,1,331,72,0 170,57,411,290,1
E:\PytorchObjectTwo\helloPytorch\yolov7-pytorch-master\VOCdevkit/VOC2007/JPEGImages/BloodImage_00168.jpg 440,347,563,450,0 274,179,388,258,0 340,261,441,366,0 364,103,480,210,0 378,1,493,91,0 32,371,152,480,0 6,276,106,370,0 6,41,130,141,0 98,1,207,72,0 207,1,316,72,0 503,75,609,180,0 318,301,424,406,0 171,345,273,430,0 181,47,306,169,0 560,135,640,232,0 1,134,97,227,0 277,392,332,440,2 526,219,589,283,2 55,149,265,347,1
E:\PytorchObjectTwo\helloPytorch\yolov7-pytorch-master\VOCdevkit/VOC2007/JPEGImages/BloodImage_00169.jpg 76,319,180,422,0 137,259,246,369,0 237,297,354,406,0 236,383,353,480,0 361,341,480,452,0 455,178,574,289,0 330,222,457,341,0 25,182,136,285,0 43,81,155,180,0 71,1,179,82,0 415,96,507,187,0 477,87,569,178,0 548,1,640,91,0 453,1,546,87,0 533,327,640,440,0 430,288,557,408,0 143,11,400,196,1
E:\PytorchObjectTwo\helloPytorch\yolov7-pytorch-master\VOCdevkit/VOC2007/JPEGImages/BloodImage_00170.jpg 359,101,459,216,0 394,365,509,463,0 425,172,545,288,0 459,290,575,372,0 57,390,154,480,0 1,233,97,330,0 1,127,97,224,0 271,21,395,133,0 185,110,292,220,0 86,88,193,198,0 112,33,219,143,0 564,174,640,274,0 99,212,194,308,0 179,174,401,395,1
E:\PytorchObjectTwo\helloPytorch\yolov7-pytorch-master\VOCdevkit/VOC2007/JPEGImages/BloodImage_00171.jpg 16,195,119,303,0 75,300,203,412,0 516,108,626,213,0 373,105,469,225,0 171,205,296,314,0 383,310,479,430,0 279,312,378,442,0 447,1,552,91,0 200,411,288,480,0 355,1,454,84,0 8,1,123,65,0 580,232,640,331,0 1,383,83,480,0
E:\PytorchObjectTwo\helloPytorch\yolov7-pytorch-master\VOCdevkit/VOC2007/JPEGImages/BloodImage_00172.jpg 110,213,230,332,0 230,227,344,335,0 185,1,281,101,0 55,95,180,212,0 36,150,133,256,0 20,334,123,454,0 352,228,455,324,0 457,187,574,300,0 361,330,478,443,0 128,355,245,468,0 566,274,640,386,0 445,253,565,352,0 309,327,428,417,0 415,1,534,90,0 258,34,467,245,1
E:\PytorchObjectTwo\helloPytorch\yolov7-pytorch-master\VOCdevkit/VOC2007/JPEGImages/BloodImage_00174.jpg 455,106,562,209,0 490,249,597,352,0 543,165,640,269,0 568,323,640,428,0 310,365,427,471,0 298,46,418,157,0 203,24,301,141,0 394,1,491,107,0 1,153,77,259,0 1,379,67,480,0 1,1,91,75,0 95,1,210,93,0 37,317,152,410,0 188,161,398,368,1 287,406,316,444,2
E:\PytorchObjectTwo\helloPytorch\yolov7-pytorch-master\VOCdevkit/VOC2007/JPEGImages/BloodImage_00175.jpg 19,2,129,114,0 1,176,99,293,0 187,56,283,152,0 298,182,418,275,0 396,249,516,342,0 520,9,640,102,0 29,305,149,398,0 520,107,640,221,0 110,172,196,260,0 211,248,422,479,1
E:\PytorchObjectTwo\helloPytorch\yolov7-pytorch-master\VOCdevkit/VOC2007/JPEGImages/BloodImage_00176.jpg 242,222,347,325,0 464,43,556,137,0 531,186,631,288,0 23,88,124,195,0 377,234,478,341,0 59,196,160,303,0 289,1,393,86,0 152,274,256,360,0 320,387,429,480,0 190,412,322,480,0 64,365,170,480,0 107,34,324,234,1 306,102,460,246,1 604,385,637,417,2
E:\PytorchObjectTwo\helloPytorch\yolov7-pytorch-master\VOCdevkit/VOC2007/JPEGImages/BloodImage_00177.jpg 375,115,498,215,0 279,264,399,392,0 447,189,560,307,0 121,341,256,442,0 1,101,75,244,0 323,6,453,122,0 452,1,537,119,0 542,259,640,383,0 550,124,640,233,0 553,1,640,85,0 306,377,425,480,0 506,156,536,187,2 385,217,438,264,2 176,92,372,268,1
E:\PytorchObjectTwo\helloPytorch\yolov7-pytorch-master\VOCdevkit/VOC2007/JPEGImages/BloodImage_00178.jpg 26,293,124,386,0 293,345,416,449,0 519,189,640,315,0 480,27,601,153,0 402,1,510,78,0 327,250,429,343,0 414,275,549,377,0 554,342,640,443,0 3,391,99,480,0 72,19,174,130,0 144,189,273,305,0 122,319,237,413,0
E:\PytorchObjectTwo\helloPytorch\yolov7-pytorch-master\VOCdevkit/VOC2007/JPEGImages/BloodImage_00179.jpg 65,42,165,177,0 373,1,488,83,0 227,3,346,107,0 487,128,606,232,0 175,288,294,392,0 94,387,212,480,0 311,351,420,465,0 49,273,155,360,0 165,77,273,185,0 106,168,248,293,0 466,397,575,480,0 557,202,640,307,0 253,143,466,351,1 70,15,108,53,2
E:\PytorchObjectTwo\helloPytorch\yolov7-pytorch-master\VOCdevkit/VOC2007/JPEGImages/BloodImage_00180.jpg 38,197,149,320,0 31,73,143,174,0 108,45,202,141,0 378,136,472,232,0 166,290,282,379,0 42,391,158,480,0 524,62,640,158,0 243,203,373,319,0 306,341,411,447,0 516,158,633,263,0 173,1,387,131,1
E:\PytorchObjectTwo\helloPytorch\yolov7-pytorch-master\VOCdevkit/VOC2007/JPEGImages/BloodImage_00184.jpg 323,70,433,173,0 441,119,572,219,0 119,164,231,265,0 1,263,89,361,0 451,297,563,398,0 308,327,420,428,0 65,315,165,414,0 490,1,590,99,0 284,161,384,260,0 93,1,296,173,1
E:\PytorchObjectTwo\helloPytorch\yolov7-pytorch-master\VOCdevkit/VOC2007/JPEGImages/BloodImage_00189.jpg 385,66,502,191,0 261,73,367,157,0 483,156,587,303,0 380,269,480,372,0 80,1,192,81,0 447,410,522,480,0 203,350,334,456,0 318,338,406,433,0 1,142,100,253,0 506,21,606,132,0 566,392,640,480,0 188,165,387,340,1 100,198,206,282,0 139,304,265,413,0
E:\PytorchObjectTwo\helloPytorch\yolov7-pytorch-master\VOCdevkit/VOC2007/JPEGImages/BloodImage_00190.jpg 256,16,373,118,0 412,37,506,136,0 115,10,208,99,0 515,144,632,285,0 373,237,484,344,0 502,45,613,152,0 45,94,144,198,0 465,315,576,422,0 161,302,272,409,0 322,331,433,438,0 114,392,236,480,0 482,414,603,480,0 181,115,396,326,1 480,208,526,252,2
E:\PytorchObjectTwo\helloPytorch\yolov7-pytorch-master\VOCdevkit/VOC2007/JPEGImages/BloodImage_00191.jpg 353,1,462,101,0 296,98,402,235,0 303,264,424,382,0 49,62,171,195,0 205,21,299,117,0 562,1,640,86,0 173,171,292,285,0 540,269,640,360,0 514,342,633,439,0 304,384,383,480,0 574,158,640,278,0 1,337,69,455,0 1,132,70,224,0 256,11,350,107,0 423,76,572,213,1
E:\PytorchObjectTwo\helloPytorch\yolov7-pytorch-master\VOCdevkit/VOC2007/JPEGImages/BloodImage_00192.jpg 137,352,243,453,0 217,214,319,331,0 280,105,381,204,0 397,82,506,176,0 484,2,603,114,0 538,340,640,443,0 48,244,179,371,0 1,178,116,296,0 398,335,512,445,0 297,21,411,131,0 1,318,91,427,0 412,177,613,355,1 86,375,133,415,2
E:\PytorchObjectTwo\helloPytorch\yolov7-pytorch-master\VOCdevkit/VOC2007/JPEGImages/BloodImage_00195.jpg 142,354,258,447,0 27,373,138,463,0 208,90,324,183,0 387,41,504,149,0 417,154,510,263,0 553,228,640,355,0 140,194,238,296,0 239,284,337,386,0 53,305,153,395,0 273,20,386,140,0 337,269,469,402,1 134,194,167,227,2 555,89,640,213,1
E:\PytorchObjectTwo\helloPytorch\yolov7-pytorch-master\VOCdevkit/VOC2007/JPEGImages/BloodImage_00196.jpg 503,39,617,148,0 319,56,433,165,0 52,133,166,242,0 131,315,245,424,0 201,188,315,297,0 233,124,347,233,0 128,45,229,153,0 251,385,355,479,0 460,140,564,234,0 543,158,640,267,0 317,222,562,441,1
E:\PytorchObjectTwo\helloPytorch\yolov7-pytorch-master\VOCdevkit/VOC2007/JPEGImages/BloodImage_00197.jpg 12,317,110,411,0 1,191,70,323,0 305,123,430,236,0 392,248,494,356,0 172,292,272,409,0 520,184,640,294,0 314,1,419,86,0 75,84,208,182,0 51,149,177,279,0 276,311,402,412,0 170,1,294,77,0 205,418,244,463,2 271,62,309,103,2 400,7,557,159,1
E:\PytorchObjectTwo\helloPytorch\yolov7-pytorch-master\VOCdevkit/VOC2007/JPEGImages/BloodImage_00198.jpg 268,5,377,100,0 478,99,587,194,0 116,385,225,480,0 309,116,439,226,0 382,61,489,149,0 354,1,467,88,0 176,76,285,171,0 164,127,267,239,0 431,295,549,410,0 415,410,524,480,0 300,403,427,480,0 568,168,640,269,0 40,340,131,434,0 62,151,165,285,0 261,394,295,434,2 243,208,452,400,1
E:\PytorchObjectTwo\helloPytorch\yolov7-pytorch-master\VOCdevkit/VOC2007/JPEGImages/BloodImage_00199.jpg 469,40,580,130,0 375,55,488,154,0 299,223,412,322,0 477,239,578,328,0 549,150,640,268,0 405,165,519,281,0 43,350,156,449,0 85,1,192,96,0 249,352,372,459,0 420,340,544,468,0 73,63,304,283,1 336,136,371,167,2
E:\PytorchObjectTwo\helloPytorch\yolov7-pytorch-master\VOCdevkit/VOC2007/JPEGImages/BloodImage_00201.jpg 302,9,406,100,0 13,213,131,337,0 60,338,149,452,0 1,358,89,472,0 169,157,275,253,0 388,135,494,231,0 501,313,604,416,0 250,204,347,298,0 59,25,155,128,0 324,225,523,425,1 607,132,640,165,2 564,419,598,460,2
E:\PytorchObjectTwo\helloPytorch\yolov7-pytorch-master\VOCdevkit/VOC2007/JPEGImages/BloodImage_00202.jpg 8,119,117,222,0 276,1,385,103,0 408,40,521,152,0 550,218,640,326,0 441,234,540,332,0 261,161,369,266,0 264,238,371,360,0 203,318,321,409,0 286,375,405,480,0 111,158,250,296,0 457,124,593,242,0 213,77,322,180,0 389,341,604,480,1
E:\PytorchObjectTwo\helloPytorch\yolov7-pytorch-master\VOCdevkit/VOC2007/JPEGImages/BloodImage_00203.jpg 420,58,528,156,0 463,121,571,219,0 266,1,377,71,0 292,43,403,114,0 459,351,567,444,0 12,206,120,306,0 130,75,238,175,0 506,222,610,333,0 1,11,107,147,0 170,262,386,453,1 291,132,330,171,2 390,181,429,220,2
E:\PytorchObjectTwo\helloPytorch\yolov7-pytorch-master\VOCdevkit/VOC2007/JPEGImages/BloodImage_00204.jpg 4,376,110,475,0 294,50,400,149,0 146,208,231,286,0 485,308,584,407,0 567,193,640,294,0 429,65,528,164,0 524,15,623,106,0 337,1,441,96,0 37,142,139,256,0 61,38,192,176,0 136,395,216,476,0 435,180,548,266,0 435,426,527,477,0 598,60,640,152,0 253,255,439,430,1 266,54,304,83,2 1,250,29,282,2
E:\PytorchObjectTwo\helloPytorch\yolov7-pytorch-master\VOCdevkit/VOC2007/JPEGImages/BloodImage_00205.jpg 157,140,250,245,0 1,209,93,314,0 73,299,168,415,0 359,352,454,448,0 379,133,473,247,0 280,122,376,229,0 348,229,450,337,0 416,234,518,342,0 447,365,549,473,0 316,1,416,64,0 26,58,133,166,0 423,1,524,81,0 498,1,600,66,0 150,238,337,426,1
E:\PytorchObjectTwo\helloPytorch\yolov7-pytorch-master\VOCdevkit/VOC2007/JPEGImages/BloodImage_00208.jpg 96,279,198,377,0 143,1,254,108,0 241,1,352,84,0 372,1,486,77,0 15,163,110,248,0 362,298,461,398,0 266,320,365,420,0 27,394,115,480,0 177,160,308,286,0 332,395,430,480,0 401,395,499,480,0 436,225,534,310,0 492,1,628,70,0 244,79,475,247,1 122,13,157,52,2
E:\PytorchObjectTwo\helloPytorch\yolov7-pytorch-master\VOCdevkit/VOC2007/JPEGImages/BloodImage_00209.jpg 141,99,236,203,0 84,3,181,101,0 251,1,345,93,0 373,11,467,104,0 551,110,634,194,0 528,313,633,408,0 191,281,296,376,0 55,372,160,467,0 330,128,455,225,0 200,347,300,433,0 121,192,241,320,0 285,225,474,407,1
E:\PytorchObjectTwo\helloPytorch\yolov7-pytorch-master\VOCdevkit/VOC2007/JPEGImages/BloodImage_00211.jpg 86,283,187,385,0 43,180,144,282,0 213,16,314,118,0 84,42,185,144,0 541,138,640,253,0 541,337,640,452,0 452,18,551,133,0 515,16,636,140,0 184,175,282,270,0 210,266,308,361,0 429,333,534,436,0 265,114,344,223,0 279,202,403,308,1
E:\PytorchObjectTwo\helloPytorch\yolov7-pytorch-master\VOCdevkit/VOC2007/JPEGImages/BloodImage_00212.jpg 226,141,338,240,0 183,40,319,156,0 327,143,439,247,0 505,291,611,393,0 534,387,638,480,0 165,402,268,480,0 273,293,389,390,0 1,1,95,93,0 410,236,517,360,0 349,1,458,111,0 562,71,640,188,0 525,174,624,292,0 108,169,226,285,0 233,1,281,46,2 329,355,541,480,1
E:\PytorchObjectTwo\helloPytorch\yolov7-pytorch-master\VOCdevkit/VOC2007/JPEGImages/BloodImage_00214.jpg 206,125,333,236,0 87,201,186,299,0 2,1,98,96,0 31,98,155,195,0 284,258,380,344,0 252,306,356,418,0 237,361,341,473,0 390,226,508,311,0 487,408,600,480,0 429,301,570,420,0 340,372,445,480,0 513,1,633,98,0 146,341,249,446,0 307,11,410,116,0 32,272,135,377,0 253,47,294,94,2 1,75,34,123,2 365,64,564,232,1
E:\PytorchObjectTwo\helloPytorch\yolov7-pytorch-master\VOCdevkit/VOC2007/JPEGImages/BloodImage_00215.jpg 407,57,519,158,0 303,62,386,163,0 262,401,357,480,0 239,187,329,293,0 230,56,305,147,0 486,255,586,367,0 448,355,541,441,0 537,403,636,480,0 396,429,495,480,0 315,293,408,379,0 368,258,464,361,0 4,383,101,480,0 1,262,66,378,0 63,267,287,467,1 452,147,493,186,2 579,254,628,294,2
E:\PytorchObjectTwo\helloPytorch\yolov7-pytorch-master\VOCdevkit/VOC2007/JPEGImages/BloodImage_00216.jpg 192,376,292,473,0 301,320,419,424,0 433,273,510,358,0 434,368,528,454,0 507,381,574,454,0 554,297,640,401,0 115,166,210,275,0 9,330,104,439,0 23,254,121,356,0 129,275,234,370,0 96,337,186,415,0 169,110,264,219,0 320,1,426,108,0 531,48,624,164,0 79,26,203,134,0 274,101,473,334,1
E:\PytorchObjectTwo\helloPytorch\yolov7-pytorch-master\VOCdevkit/VOC2007/JPEGImages/BloodImage_00217.jpg 251,341,360,451,0 319,408,433,479,0 407,327,516,437,0 413,234,497,324,0 318,247,427,357,0 203,85,312,195,0 156,107,262,211,0 281,1,384,70,0 389,91,498,201,0 443,1,549,81,0 31,126,153,222,0 106,18,221,125,0 73,242,234,391,1
E:\PytorchObjectTwo\helloPytorch\yolov7-pytorch-master\VOCdevkit/VOC2007/JPEGImages/BloodImage_00218.jpg 166,236,284,336,0 32,194,153,313,0 135,340,236,442,0 51,304,152,406,0 558,157,640,254,0 446,102,541,196,0 255,1,370,110,0 73,43,195,160,0 150,150,231,230,0 561,383,640,480,0 415,224,606,400,1
E:\PytorchObjectTwo\helloPytorch\yolov7-pytorch-master\VOCdevkit/VOC2007/JPEGImages/BloodImage_00219.jpg 47,204,146,313,0 256,154,367,263,0 285,384,400,480,0 169,384,289,480,0 396,384,522,479,0 156,55,272,157,0 1,1,102,99,0 454,304,537,390,0 326,1,558,243,1
E:\PytorchObjectTwo\helloPytorch\yolov7-pytorch-master\VOCdevkit/VOC2007/JPEGImages/BloodImage_00220.jpg 11,73,128,189,0 116,25,254,143,0 547,337,640,429,0 469,176,570,269,0 214,190,321,283,0 166,140,269,243,0 354,330,458,437,0 467,97,569,217,0 445,299,538,409,0 262,17,467,221,1 27,190,72,236,2 545,418,593,453,2
E:\PytorchObjectTwo\helloPytorch\yolov7-pytorch-master\VOCdevkit/VOC2007/JPEGImages/BloodImage_00223.jpg 115,345,226,427,0 1,318,112,400,0 265,377,344,476,0 9,89,130,194,0 84,166,205,271,0 499,172,620,277,0 431,159,552,264,0 287,203,384,284,0 32,1,154,94,0 531,68,613,172,0 536,332,639,455,0 388,408,488,480,0 217,73,256,115,2 519,36,562,85,2 251,1,458,173,1
E:\PytorchObjectTwo\helloPytorch\yolov7-pytorch-master\VOCdevkit/VOC2007/JPEGImages/BloodImage_00224.jpg 243,128,388,291,1 300,87,334,130,2
E:\PytorchObjectTwo\helloPytorch\yolov7-pytorch-master\VOCdevkit/VOC2007/JPEGImages/BloodImage_00225.jpg 41,272,137,371,0 46,335,152,438,0 193,330,299,433,0 206,252,312,355,0 156,251,241,340,0 415,191,517,283,0 505,172,633,264,0 176,93,277,192,0 1,112,98,227,0 20,12,149,115,0 536,67,640,183,0 487,386,615,472,0 349,306,453,422,0 262,1,543,217,1
E:\PytorchObjectTwo\helloPytorch\yolov7-pytorch-master\VOCdevkit/VOC2007/JPEGImages/BloodImage_00226.jpg 51,159,138,267,0 210,274,332,382,0 515,186,605,288,0 423,161,528,265,0 359,377,480,480,0 254,409,378,480,0 146,409,237,480,0 69,424,148,480,0 115,89,210,172,0 209,1,319,83,0 101,1,204,70,0 355,1,458,70,0 498,357,580,455,0 384,286,478,378,0 476,84,579,181,0 210,79,390,268,1 26,277,96,340,2
E:\PytorchObjectTwo\helloPytorch\yolov7-pytorch-master\VOCdevkit/VOC2007/JPEGImages/BloodImage_00227.jpg 311,95,429,210,0 1,59,95,157,0 72,33,192,133,0 52,380,153,473,0 424,403,546,479,0 522,52,612,145,0 411,172,501,265,0 83,160,181,249,0 8,309,113,403,0 492,176,597,270,0 425,1,522,87,0 152,237,388,454,1
E:\PytorchObjectTwo\helloPytorch\yolov7-pytorch-master\VOCdevkit/VOC2007/JPEGImages/BloodImage_00228.jpg 209,347,313,436,0 285,278,405,376,0 106,269,215,389,0 103,170,204,276,0 52,78,150,181,0 504,303,602,406,0 403,155,507,262,0 294,145,403,251,0 361,360,470,466,0 28,255,137,361,0 34,1,143,62,0
E:\PytorchObjectTwo\helloPytorch\yolov7-pytorch-master\VOCdevkit/VOC2007/JPEGImages/BloodImage_00229.jpg 106,282,215,409,0 402,152,518,259,0 462,68,554,178,0 323,87,438,201,0 524,275,617,387,0 24,306,110,410,0 115,111,218,214,0 33,201,165,293,0 226,1,337,64,0 362,344,496,463,0 225,194,268,233,2 510,430,549,465,2 192,256,363,417,1
E:\PytorchObjectTwo\helloPytorch\yolov7-pytorch-master\VOCdevkit/VOC2007/JPEGImages/BloodImage_00230.jpg 154,246,270,356,0 128,150,226,241,0 11,1,135,91,0 461,32,560,125,0 462,311,563,407,0 287,339,397,439,0 8,201,145,308,0 1,107,91,198,0 436,216,537,312,0 365,27,476,124,0 196,57,413,272,1
E:\PytorchObjectTwo\helloPytorch\yolov7-pytorch-master\VOCdevkit/VOC2007/JPEGImages/BloodImage_00231.jpg 408,135,536,250,0 239,38,361,125,0 371,23,488,136,0 484,21,601,134,0 107,238,197,355,0 1,137,92,235,0 582,232,640,326,0 72,1,177,86,0 172,209,406,427,1
E:\PytorchObjectTwo\helloPytorch\yolov7-pytorch-master\VOCdevkit/VOC2007/JPEGImages/BloodImage_00232.jpg 509,177,614,291,0 448,1,563,102,0 340,261,453,371,0 239,364,344,471,0 123,362,228,469,0 137,44,242,151,0 212,149,326,259,0 458,275,562,374,0 415,332,519,431,0 1,60,176,304,1
E:\PytorchObjectTwo\helloPytorch\yolov7-pytorch-master\VOCdevkit/VOC2007/JPEGImages/BloodImage_00234.jpg 158,156,244,254,0 98,156,184,254,0 146,350,243,447,0 324,383,421,480,0 257,224,340,338,0 513,266,612,378,0 578,86,640,196,0 318,187,540,379,1 137,69,242,164,0 238,54,343,149,0 299,22,413,118,0
E:\PytorchObjectTwo\helloPytorch\yolov7-pytorch-master\VOCdevkit/VOC2007/JPEGImages/BloodImage_00235.jpg 1,166,89,283,0 147,207,251,326,0 480,343,604,468,0 232,102,469,336,1
E:\PytorchObjectTwo\helloPytorch\yolov7-pytorch-master\VOCdevkit/VOC2007/JPEGImages/BloodImage_00237.jpg 1,276,70,379,0 182,355,310,458,0 101,222,199,327,0 515,177,620,293,0 358,402,453,480,0 71,399,179,480,0 1,1,92,103,0 405,191,509,294,0 189,242,317,350,0 301,314,418,417,0 98,163,177,236,0 206,51,437,272,1
E:\PytorchObjectTwo\helloPytorch\yolov7-pytorch-master\VOCdevkit/VOC2007/JPEGImages/BloodImage_00239.jpg 360,170,469,286,0 375,1,479,110,0 239,156,362,294,0 478,188,581,284,0 449,86,541,183,0 146,24,246,117,0 51,267,167,354,0 169,234,258,312,0 174,283,264,396,0 573,198,640,336,0 93,113,208,238,0 242,266,457,471,1
E:\PytorchObjectTwo\helloPytorch\yolov7-pytorch-master\VOCdevkit/VOC2007/JPEGImages/BloodImage_00240.jpg 373,277,477,385,0 188,267,313,390,0 279,149,404,272,0 141,1,270,71,0 74,236,170,326,0 39,111,135,201,0 144,311,240,401,0 443,364,539,454,0 343,270,380,302,2 371,1,613,192,1
E:\PytorchObjectTwo\helloPytorch\yolov7-pytorch-master\VOCdevkit/VOC2007/JPEGImages/BloodImage_00241.jpg 396,113,492,207,0 183,119,277,285,0 377,204,482,315,0 490,91,624,235,0 527,1,640,97,0 92,264,202,370,0 249,25,446,205,1
E:\PytorchObjectTwo\helloPytorch\yolov7-pytorch-master\VOCdevkit/VOC2007/JPEGImages/BloodImage_00242.jpg 331,110,425,199,0 212,318,325,433,0 138,54,262,177,0 101,16,180,87,0 276,14,380,122,0 444,96,534,189,0 531,309,640,415,0 559,212,640,311,0 463,228,556,323,0 539,107,639,202,0 465,422,565,480,0 445,317,547,415,0 1,158,99,273,0 290,154,392,258,0 17,184,242,398,1 245,121,286,158,2
E:\PytorchObjectTwo\helloPytorch\yolov7-pytorch-master\VOCdevkit/VOC2007/JPEGImages/BloodImage_00243.jpg 118,24,229,151,0 418,150,511,250,0 303,1,409,79,0 284,134,392,240,0 37,187,145,279,0 145,243,256,320,0 156,138,256,229,0 500,229,598,342,0 1,70,98,183,0 332,29,457,143,0 307,407,438,479,0 285,217,487,419,1
E:\PytorchObjectTwo\helloPytorch\yolov7-pytorch-master\VOCdevkit/VOC2007/JPEGImages/BloodImage_00244.jpg 329,386,413,480,0 125,355,223,451,0 1,331,98,427,0 78,266,176,362,0 24,1,124,82,0 157,1,272,104,0 283,1,379,109,0 523,1,625,62,0 524,100,629,204,0 535,364,640,468,0 349,273,472,384,0 295,185,418,296,0 32,157,140,248,0 192,239,313,349,0 326,36,538,230,1
E:\PytorchObjectTwo\helloPytorch\yolov7-pytorch-master\VOCdevkit/VOC2007/JPEGImages/BloodImage_00245.jpg 332,365,436,459,0 229,398,327,480,0 509,118,612,225,0 408,9,511,116,0 292,87,407,194,0 328,174,419,282,0 270,255,361,363,0 321,291,390,368,0 1,29,62,133,0 30,104,145,211,0 213,55,311,160,0 274,1,374,77,0 108,51,226,148,0 484,365,587,472,0 1,382,74,474,0 77,154,281,357,1 9,323,43,352,2
E:\PytorchObjectTwo\helloPytorch\yolov7-pytorch-master\VOCdevkit/VOC2007/JPEGImages/BloodImage_00246.jpg 316,202,426,276,0 370,17,460,123,0 176,2,291,113,0 1,232,97,364,0 88,217,192,324,0 202,194,304,283,0 380,273,476,389,0 470,214,560,363,0 559,212,640,358,0 513,75,625,177,0 354,116,467,204,0 396,392,509,480,0 127,156,167,201,2 132,274,355,480,1
E:\PytorchObjectTwo\helloPytorch\yolov7-pytorch-master\VOCdevkit/VOC2007/JPEGImages/BloodImage_00247.jpg 374,16,479,112,0 479,22,584,118,0 381,144,486,240,0 214,333,327,438,0 139,227,258,349,0 137,58,232,158,0 439,341,558,463,0 387,413,489,479,0 510,220,629,300,0 13,27,130,154,0 228,1,318,82,0 148,322,266,413,0 336,321,444,434,0 184,85,388,295,1
E:\PytorchObjectTwo\helloPytorch\yolov7-pytorch-master\VOCdevkit/VOC2007/JPEGImages/BloodImage_00248.jpg 381,1,488,87,0 481,24,592,123,0 259,79,383,198,0 154,1,256,68,0 2,220,129,331,0 308,373,402,480,0 102,47,218,151,0 348,187,464,291,0 462,222,578,326,0 159,414,291,478,0 1,357,84,454,0 149,233,354,423,1
E:\PytorchObjectTwo\helloPytorch\yolov7-pytorch-master\VOCdevkit/VOC2007/JPEGImages/BloodImage_00249.jpg 70,329,277,480,1 164,20,362,205,1 278,268,311,298,2
E:\PytorchObjectTwo\helloPytorch\yolov7-pytorch-master\VOCdevkit/VOC2007/JPEGImages/BloodImage_00250.jpg 125,143,324,344,1
E:\PytorchObjectTwo\helloPytorch\yolov7-pytorch-master\VOCdevkit/VOC2007/JPEGImages/BloodImage_00252.jpg 177,48,278,147,0 65,355,166,454,0 564,395,640,480,0 472,315,582,423,0 156,380,279,480,0 296,50,394,148,0 456,21,569,116,0 55,1,174,99,0 61,295,138,363,0 161,181,399,404,1
E:\PytorchObjectTwo\helloPytorch\yolov7-pytorch-master\VOCdevkit/VOC2007/JPEGImages/BloodImage_00253.jpg 47,222,134,312,0 51,46,138,136,0 138,36,259,122,0 277,36,383,126,0 510,267,632,381,0 469,62,556,165,0 97,377,184,480,0 500,377,640,477,0 422,296,518,395,0 195,287,434,480,1
E:\PytorchObjectTwo\helloPytorch\yolov7-pytorch-master\VOCdevkit/VOC2007/JPEGImages/BloodImage_00254.jpg 393,54,502,162,0 400,350,494,438,0 81,239,209,335,0 330,258,434,368,0 1,325,104,425,0 223,244,323,332,0 179,184,299,270,0 110,32,220,151,0 525,374,614,480,0 161,400,216,469,2 82,202,122,243,2 241,349,379,477,1
E:\PytorchObjectTwo\helloPytorch\yolov7-pytorch-master\VOCdevkit/VOC2007/JPEGImages/BloodImage_00255.jpg 1,317,75,426,0 183,413,312,480,0 130,420,234,480,0 503,360,592,449,0 299,297,411,387,0 517,37,628,143,0 68,140,153,230,0 129,254,214,344,0 35,209,150,321,0 441,293,547,362,0 542,260,631,349,0 283,42,551,294,1
E:\PytorchObjectTwo\helloPytorch\yolov7-pytorch-master\VOCdevkit/VOC2007/JPEGImages/BloodImage_00257.jpg 426,353,542,456,0 254,377,370,480,0 118,290,253,395,0 106,198,193,287,0 174,1,281,77,0 429,78,530,179,0 539,295,640,396,0 174,99,385,306,1
E:\PytorchObjectTwo\helloPytorch\yolov7-pytorch-master\VOCdevkit/VOC2007/JPEGImages/BloodImage_00258.jpg 257,162,300,202,2 221,223,386,387,1 541,394,582,435,2
E:\PytorchObjectTwo\helloPytorch\yolov7-pytorch-master\VOCdevkit/VOC2007/JPEGImages/BloodImage_00259.jpg 156,112,256,206,0 168,374,270,477,0 238,228,320,284,0 456,161,564,251,0 537,299,640,414,0 61,63,185,145,0 7,420,107,480,0 38,129,87,179,2 281,182,326,225,2 585,419,624,456,2 507,340,547,377,2 15,181,209,362,1
E:\PytorchObjectTwo\helloPytorch\yolov7-pytorch-master\VOCdevkit/VOC2007/JPEGImages/BloodImage_00260.jpg 45,88,146,180,0 361,124,484,234,0 95,414,199,479,0 118,68,247,150,0 1,3,101,100,0 205,267,434,480,1
E:\PytorchObjectTwo\helloPytorch\yolov7-pytorch-master\VOCdevkit/VOC2007/JPEGImages/BloodImage_00261.jpg 107,250,200,358,0 278,358,408,467,0 426,62,529,163,0 266,69,388,171,0 162,65,274,175,0 492,250,596,355,0 544,176,640,287,0 5,179,135,288,0 91,368,164,428,2 274,163,460,350,1
E:\PytorchObjectTwo\helloPytorch\yolov7-pytorch-master\VOCdevkit/VOC2007/JPEGImages/BloodImage_00262.jpg 524,279,640,385,0 419,252,530,354,0 542,134,640,242,0 1,202,56,305,0 214,148,325,262,0 293,62,426,180,0 448,394,553,480,0 429,75,531,183,0 104,221,218,331,0 170,268,454,480,1
E:\PytorchObjectTwo\helloPytorch\yolov7-pytorch-master\VOCdevkit/VOC2007/JPEGImages/BloodImage_00263.jpg 115,358,206,446,0 1,315,79,401,0 402,305,486,414,0 388,43,467,143,0 564,1,640,77,0 248,382,346,480,0 337,411,402,480,0 140,171,242,255,0 50,192,152,276,0 356,148,462,249,0 298,128,406,236,0 534,243,640,344,0 70,38,112,94,2 361,12,419,56,2 100,1,307,144,1
E:\PytorchObjectTwo\helloPytorch\yolov7-pytorch-master\VOCdevkit/VOC2007/JPEGImages/BloodImage_00264.jpg 153,309,243,394,0 131,401,224,480,0 377,176,484,285,0 486,274,575,362,0 434,1,516,74,0 481,55,592,154,0 90,118,184,206,0 274,137,374,230,0 515,1,615,50,0 561,132,640,231,0 589,304,640,388,0 527,392,638,480,0 271,18,398,114,0 234,332,369,480,1 282,296,324,339,2
E:\PytorchObjectTwo\helloPytorch\yolov7-pytorch-master\VOCdevkit/VOC2007/JPEGImages/BloodImage_00265.jpg 144,346,242,436,0 1,72,82,160,0 107,1,203,65,0 200,1,311,86,0 71,77,182,163,0 35,252,127,356,0 75,295,146,386,0 29,350,129,457,0 209,108,309,215,0 477,134,561,218,0 240,219,438,393,1
E:\PytorchObjectTwo\helloPytorch\yolov7-pytorch-master\VOCdevkit/VOC2007/JPEGImages/BloodImage_00266.jpg 509,147,621,254,0 444,146,514,258,0 345,219,457,328,0 287,340,407,445,0 1,154,86,245,0 303,87,389,178,0 380,12,466,103,0 563,251,639,350,0 83,1,182,99,0 52,88,163,181,0 2,247,187,440,1 579,423,623,456,2 311,323,409,394,0 174,211,288,283,0
E:\PytorchObjectTwo\helloPytorch\yolov7-pytorch-master\VOCdevkit/VOC2007/JPEGImages/BloodImage_00267.jpg 87,112,298,298,1 62,26,101,73,2 15,309,53,350,2 1,349,38,381,2
E:\PytorchObjectTwo\helloPytorch\yolov7-pytorch-master\VOCdevkit/VOC2007/JPEGImages/BloodImage_00269.jpg 499,79,603,185,0 340,100,436,194,0 258,255,366,356,0 356,166,465,289,0 78,265,177,354,0 260,178,356,268,0 544,324,640,443,0 500,195,589,274,0 192,220,238,259,2 75,11,340,226,1
E:\PytorchObjectTwo\helloPytorch\yolov7-pytorch-master\VOCdevkit/VOC2007/JPEGImages/BloodImage_00270.jpg 83,298,140,340,2 349,327,391,365,2 245,352,383,480,1 270,118,372,210,0 314,87,416,179,0 161,283,287,383,0
E:\PytorchObjectTwo\helloPytorch\yolov7-pytorch-master\VOCdevkit/VOC2007/JPEGImages/BloodImage_00271.jpg 507,337,613,455,0 562,278,640,373,0 503,181,618,295,0 129,204,229,308,0 321,353,405,459,0 355,355,455,459,0 74,24,190,145,0 463,1,577,77,0 75,366,175,470,0 141,344,233,425,0 348,250,446,350,0 183,60,380,264,1 526,123,558,164,2
E:\PytorchObjectTwo\helloPytorch\yolov7-pytorch-master\VOCdevkit/VOC2007/JPEGImages/BloodImage_00272.jpg 37,402,137,480,0 35,46,141,147,0 98,125,194,248,0 184,184,259,308,0 191,66,297,167,0 284,83,408,182,0 265,1,390,93,0 261,191,398,315,0 449,67,546,161,0 515,259,612,353,0 251,379,356,477,0 388,347,494,454,0 543,92,634,180,0 1,217,122,408,1
E:\PytorchObjectTwo\helloPytorch\yolov7-pytorch-master\VOCdevkit/VOC2007/JPEGImages/BloodImage_00273.jpg 227,265,329,359,0 48,211,159,306,0 136,167,271,282,0 388,275,500,386,0 491,286,606,387,0 342,92,448,188,0 427,78,533,174,0 425,170,531,266,0 123,78,229,174,0 30,61,138,166,0 555,31,640,129,0 247,386,346,475,0 193,1,408,123,1 15,53,49,92,2 487,406,526,439,2
E:\PytorchObjectTwo\helloPytorch\yolov7-pytorch-master\VOCdevkit/VOC2007/JPEGImages/BloodImage_00274.jpg 18,350,124,456,0 511,209,617,315,0 518,317,624,423,0 385,43,491,149,0 303,64,409,170,0 90,147,196,253,0 188,165,387,366,1 513,298,549,330,2
E:\PytorchObjectTwo\helloPytorch\yolov7-pytorch-master\VOCdevkit/VOC2007/JPEGImages/BloodImage_00275.jpg 97,59,219,157,0 213,38,319,140,0 114,254,225,358,0 528,209,635,301,0 309,95,416,187,0 343,93,443,173,0 444,55,544,135,0 2,187,131,312,0 96,362,201,467,0 423,309,520,398,0 491,368,613,480,0 181,134,299,231,0 289,353,401,452,0 1,24,83,135,0 270,192,416,326,1 81,168,126,204,2
E:\PytorchObjectTwo\helloPytorch\yolov7-pytorch-master\VOCdevkit/VOC2007/JPEGImages/BloodImage_00276.jpg 143,95,243,213,0 173,194,265,304,0 71,11,166,113,0 431,32,526,134,0 490,32,585,134,0 440,144,535,246,0 527,161,622,263,0 417,246,524,354,0 378,302,485,410,0 46,207,137,309,0 54,360,165,466,0 512,327,614,419,0 221,36,415,225,1 351,317,382,349,2 37,166,72,203,2
E:\PytorchObjectTwo\helloPytorch\yolov7-pytorch-master\VOCdevkit/VOC2007/JPEGImages/BloodImage_00277.jpg 74,301,179,404,0 204,332,283,402,0 1,259,69,369,0 215,134,308,215,0 364,1,472,83,0 108,77,210,184,0 472,1,610,95,0 506,359,606,462,0 558,216,640,340,0 225,404,313,480,0 532,108,640,213,0 137,1,262,98,0 361,348,486,446,0 66,424,110,468,2 337,185,492,372,1 51,176,100,211,2
E:\PytorchObjectTwo\helloPytorch\yolov7-pytorch-master\VOCdevkit/VOC2007/JPEGImages/BloodImage_00278.jpg 3,346,123,464,0 165,153,285,271,0 359,1,476,104,0 270,93,387,197,0 389,175,500,313,0 559,51,640,168,0 492,423,610,479,0 31,177,151,295,0 149,43,256,132,0 246,433,353,480,0 394,114,525,217,0 469,211,577,329,0 295,338,325,369,2 79,48,115,90,2 318,318,487,480,1
E:\PytorchObjectTwo\helloPytorch\yolov7-pytorch-master\VOCdevkit/VOC2007/JPEGImages/BloodImage_00279.jpg 287,293,394,395,0 214,281,302,365,0 44,49,131,173,0 522,122,629,224,0 161,163,270,267,0 246,171,343,268,0 305,178,404,270,0 158,370,257,462,0 1,195,70,296,0 134,279,233,371,0 437,119,531,223,0 458,237,576,346,0 419,331,537,440,0 244,1,483,178,1
E:\PytorchObjectTwo\helloPytorch\yolov7-pytorch-master\VOCdevkit/VOC2007/JPEGImages/BloodImage_00281.jpg 112,140,221,242,0 79,45,176,148,0 1,254,112,366,0 111,345,222,454,0 120,258,238,363,0 232,52,349,186,0 413,121,531,226,0 529,265,640,373,0 1,1,126,100,0 522,73,617,197,0 216,152,471,387,1
E:\PytorchObjectTwo\helloPytorch\yolov7-pytorch-master\VOCdevkit/VOC2007/JPEGImages/BloodImage_00283.jpg 381,274,494,367,0 435,156,554,274,0 347,96,455,204,0 282,150,386,243,0 343,1,447,93,0 355,379,466,480,0 220,407,330,480,0 448,1,560,107,0 547,334,640,442,0 173,63,266,171,0 54,73,147,181,0 10,126,103,234,0 28,223,255,407,1
E:\PytorchObjectTwo\helloPytorch\yolov7-pytorch-master\VOCdevkit/VOC2007/JPEGImages/BloodImage_00285.jpg 16,152,107,252,0 18,261,119,363,0 40,369,137,479,0 203,70,324,171,0 87,113,208,214,0 112,1,233,101,0 340,50,461,151,0 427,214,548,316,0 424,314,545,416,0 530,381,640,480,0 455,101,583,225,0 115,245,154,279,2 181,254,400,468,1
E:\PytorchObjectTwo\helloPytorch\yolov7-pytorch-master\VOCdevkit/VOC2007/JPEGImages/BloodImage_00287.jpg 185,297,321,404,0 305,370,396,472,0 477,354,582,459,0 376,307,481,412,0 392,208,497,313,0 302,44,420,151,0 185,108,303,231,0 373,133,487,243,0 177,1,298,109,0 52,22,184,88,0 530,65,640,147,0 543,116,640,214,0 501,1,596,67,0 374,1,469,67,0 1,163,192,366,1 161,320,205,364,2
E:\PytorchObjectTwo\helloPytorch\yolov7-pytorch-master\VOCdevkit/VOC2007/JPEGImages/BloodImage_00288.jpg 67,359,163,452,0 339,387,435,480,0 407,328,520,422,0 444,229,544,321,0 420,126,522,223,0 352,202,440,302,0 119,104,228,199,0 287,74,402,188,0 47,12,158,123,0 185,1,308,111,0 43,179,152,274,0 1,218,109,313,0 208,166,321,270,0 479,21,594,135,0 529,147,634,254,0 525,373,630,480,0 552,251,640,352,0 305,1,407,79,0 153,263,370,474,1
E:\PytorchObjectTwo\helloPytorch\yolov7-pytorch-master\VOCdevkit/VOC2007/JPEGImages/BloodImage_00289.jpg 180,281,273,386,0 246,343,339,448,0 432,257,551,361,0 521,203,640,307,0 535,101,640,206,0 332,279,443,402,0 162,1,280,102,0 55,66,173,168,0 140,163,258,265,0 1,270,117,372,0 251,55,482,288,1
E:\PytorchObjectTwo\helloPytorch\yolov7-pytorch-master\VOCdevkit/VOC2007/JPEGImages/BloodImage_00291.jpg 446,143,530,255,0 444,287,528,399,0 544,80,628,192,0 445,1,543,113,0 186,39,303,129,0 71,369,183,463,0 17,115,152,198,0 336,102,436,214,0 348,180,457,277,0 185,213,441,436,1
E:\PytorchObjectTwo\helloPytorch\yolov7-pytorch-master\VOCdevkit/VOC2007/JPEGImages/BloodImage_00292.jpg 133,226,235,331,0 281,240,383,345,0 307,345,409,450,0 199,312,294,409,0 114,366,209,463,0 148,131,243,228,0 209,46,318,142,0 244,146,353,242,0 506,106,615,221,0 508,354,617,469,0 409,284,545,393,0 44,78,153,193,0 23,181,132,296,0 314,1,537,130,1
E:\PytorchObjectTwo\helloPytorch\yolov7-pytorch-master\VOCdevkit/VOC2007/JPEGImages/BloodImage_00294.jpg 463,73,558,188,0 292,75,387,190,0 202,11,330,115,0 115,18,215,108,0 71,101,171,191,0 162,109,262,199,0 106,189,209,293,0 159,348,262,452,0 205,195,308,299,0 383,376,543,472,0 334,169,525,384,1
E:\PytorchObjectTwo\helloPytorch\yolov7-pytorch-master\VOCdevkit/VOC2007/JPEGImages/BloodImage_00295.jpg 20,192,109,296,0 314,277,423,371,0 477,196,590,289,0 488,303,601,408,0 377,82,490,187,0 112,56,207,148,0 164,388,259,480,0 397,366,492,458,0 233,15,328,107,0 319,249,428,343,0 41,204,130,308,0 118,141,372,353,1 121,359,166,404,2
E:\PytorchObjectTwo\helloPytorch\yolov7-pytorch-master\VOCdevkit/VOC2007/JPEGImages/BloodImage_00296.jpg 20,255,137,355,0 116,329,223,430,0 5,361,112,462,0 210,255,321,388,0 496,139,603,240,0 551,1,640,101,0 494,245,602,361,0 543,344,640,467,0 1,94,108,210,0 131,1,241,95,0 117,170,226,288,0 386,318,494,458,0 204,12,391,226,1 349,194,400,246,2 355,350,394,385,2 454,451,494,480,2
E:\PytorchObjectTwo\helloPytorch\yolov7-pytorch-master\VOCdevkit/VOC2007/JPEGImages/BloodImage_00299.jpg 480,301,587,409,0 204,82,311,190,0 33,79,140,187,0 102,9,233,140,0 402,212,514,308,0 9,359,115,449,0 1,299,102,410,0 424,35,526,122,0 176,260,408,479,1
E:\PytorchObjectTwo\helloPytorch\yolov7-pytorch-master\VOCdevkit/VOC2007/JPEGImages/BloodImage_00300.jpg 379,136,486,246,0 474,168,581,278,0 388,300,495,410,0 266,331,373,441,0 201,361,308,471,0 19,297,141,404,0 359,21,495,124,0 1,58,92,159,0 219,33,355,136,0 133,281,240,391,0 505,328,612,438,0 487,1,594,105,0 11,406,138,480,0 174,130,357,313,1
E:\PytorchObjectTwo\helloPytorch\yolov7-pytorch-master\VOCdevkit/VOC2007/JPEGImages/BloodImage_00301.jpg 278,196,366,291,0 359,239,447,334,0 523,110,611,205,0 447,198,568,309,0 183,95,304,206,0 164,201,268,307,0 191,1,295,105,0 90,171,194,277,0 496,304,600,410,0 271,338,375,444,0 157,370,261,476,0 1,311,104,417,0 104,285,208,391,0 305,13,521,214,1 592,277,630,314,2
E:\PytorchObjectTwo\helloPytorch\yolov7-pytorch-master\VOCdevkit/VOC2007/JPEGImages/BloodImage_00302.jpg 99,391,217,471,0 121,275,252,388,0 106,19,236,136,0 213,63,336,178,0 511,294,623,410,0 461,320,567,413,0 400,339,491,433,0 343,341,419,433,0 295,344,375,443,0 290,241,404,335,0 429,187,543,281,0 120,143,248,270,0 1,291,81,450,1
E:\PytorchObjectTwo\helloPytorch\yolov7-pytorch-master\VOCdevkit/VOC2007/JPEGImages/BloodImage_00303.jpg 46,58,279,264,1
E:\PytorchObjectTwo\helloPytorch\yolov7-pytorch-master\VOCdevkit/VOC2007/JPEGImages/BloodImage_00304.jpg 73,30,181,134,0 41,133,147,254,0 260,321,366,442,0 107,360,209,449,0 146,372,248,461,0 1,267,79,371,0 366,254,458,350,0 406,139,513,235,0 431,1,538,96,0 279,26,386,122,0 488,53,600,162,0 170,122,393,327,1
E:\PytorchObjectTwo\helloPytorch\yolov7-pytorch-master\VOCdevkit/VOC2007/JPEGImages/BloodImage_00305.jpg 314,316,424,422,0 425,292,552,403,0 407,400,539,480,0 289,174,418,283,0 139,60,268,169,0 265,49,363,149,0 341,88,442,180,0 543,1,640,104,0 543,118,640,222,0 453,179,564,297,0 167,386,278,480,0 92,309,204,420,0 86,202,198,313,0 190,244,309,370,1 1,28,26,70,2
E:\PytorchObjectTwo\helloPytorch\yolov7-pytorch-master\VOCdevkit/VOC2007/JPEGImages/BloodImage_00307.jpg 81,18,194,115,0 43,259,144,351,0 347,355,448,447,0 97,362,198,454,0 195,167,297,277,0 399,232,501,342,0 536,274,638,384,0 559,136,640,245,0 66,136,153,241,0 266,181,368,291,0 254,268,356,378,0 225,358,328,457,0 285,30,509,238,1 477,411,523,440,2
E:\PytorchObjectTwo\helloPytorch\yolov7-pytorch-master\VOCdevkit/VOC2007/JPEGImages/BloodImage_00309.jpg 216,279,330,379,0 117,345,230,475,0 452,314,566,414,0 385,317,499,417,0 505,222,608,325,0 488,179,588,271,0 477,57,577,149,0 426,70,526,162,0 376,169,482,272,0 1,179,96,278,0 1,1,96,98,0 286,197,382,296,0 123,1,361,196,1
E:\PytorchObjectTwo\helloPytorch\yolov7-pytorch-master\VOCdevkit/VOC2007/JPEGImages/BloodImage_00311.jpg 427,87,533,181,0 399,169,506,270,0 429,1,538,78,0 39,95,144,201,0 283,328,401,435,0 418,260,536,367,0 1,168,72,254,0 22,283,146,377,0 194,150,385,349,1 500,189,556,234,2
E:\PytorchObjectTwo\helloPytorch\yolov7-pytorch-master\VOCdevkit/VOC2007/JPEGImages/BloodImage_00312.jpg 98,203,197,294,0 172,184,271,275,0 485,296,584,395,0 534,138,633,237,0 447,381,563,478,0 316,98,432,195,0 567,337,640,463,0 78,275,323,480,1 326,186,367,217,2 339,213,374,253,2 370,212,406,247,2 269,294,309,328,2
E:\PytorchObjectTwo\helloPytorch\yolov7-pytorch-master\VOCdevkit/VOC2007/JPEGImages/BloodImage_00313.jpg 24,94,131,202,0 402,251,525,358,0 411,373,534,480,0 538,1,637,106,0 342,154,434,249,0 452,73,559,172,0 99,228,206,327,0 36,239,156,344,0 156,63,260,168,0 388,165,476,250,0 101,373,269,480,1 180,215,404,457,1
E:\PytorchObjectTwo\helloPytorch\yolov7-pytorch-master\VOCdevkit/VOC2007/JPEGImages/BloodImage_00314.jpg 445,41,545,138,0 471,210,571,307,0 1,1,100,97,0 3,130,103,227,0 63,267,163,364,0 340,324,454,423,0 526,212,637,340,0 256,257,360,341,0 336,127,437,217,0 353,389,454,480,0 187,427,231,470,2 547,386,582,417,2 77,230,116,268,2 98,49,143,85,2 259,1,297,26,2 92,45,329,266,1
E:\PytorchObjectTwo\helloPytorch\yolov7-pytorch-master\VOCdevkit/VOC2007/JPEGImages/BloodImage_00315.jpg 164,261,297,364,0 15,66,148,169,0 13,234,132,333,0 239,3,354,107,0 542,109,640,214,0 441,293,539,398,0 273,198,383,309,0 148,129,277,251,0 363,69,466,160,0 382,190,469,296,0 250,343,487,480,1 567,234,619,277,2
E:\PytorchObjectTwo\helloPytorch\yolov7-pytorch-master\VOCdevkit/VOC2007/JPEGImages/BloodImage_00319.jpg 416,371,512,478,0 460,90,566,195,0 414,245,532,340,0 188,274,278,374,0 117,344,216,440,0 148,392,250,470,0 309,65,418,168,0 403,265,493,359,0 565,117,638,224,0 555,39,640,132,0 72,1,327,209,1 591,391,632,429,2 36,233,74,262,2
E:\PytorchObjectTwo\helloPytorch\yolov7-pytorch-master\VOCdevkit/VOC2007/JPEGImages/BloodImage_00320.jpg 349,249,476,362,0 255,277,363,402,0 163,317,264,399,0 132,349,242,434,0 1,376,96,476,0 85,90,165,186,0 532,147,629,253,0 445,364,550,463,0 437,54,548,159,0 303,53,395,141,0 254,28,344,122,0 131,115,334,338,1
E:\PytorchObjectTwo\helloPytorch\yolov7-pytorch-master\VOCdevkit/VOC2007/JPEGImages/BloodImage_00322.jpg 168,374,198,406,2 527,244,564,282,2 565,383,602,421,2 307,174,528,387,1
E:\PytorchObjectTwo\helloPytorch\yolov7-pytorch-master\VOCdevkit/VOC2007/JPEGImages/BloodImage_00324.jpg 376,191,476,294,0 326,189,429,317,0 484,213,601,325,0 529,314,631,411,0 201,206,310,316,0 22,105,114,201,0 11,324,103,422,0 519,22,608,106,0 231,117,319,206,0 57,350,177,465,0 244,349,369,449,0 277,1,500,169,1
E:\PytorchObjectTwo\helloPytorch\yolov7-pytorch-master\VOCdevkit/VOC2007/JPEGImages/BloodImage_00325.jpg 480,357,601,472,0 370,202,491,317,0 376,124,466,206,0 75,160,139,274,0 85,258,182,347,0 72,1,157,79,0 221,19,316,108,0 265,51,390,151,0 459,79,549,161,0 253,321,415,388,0 240,329,341,422,0 16,198,53,236,2 121,96,166,143,2 421,392,482,445,2 141,97,338,312,1
E:\PytorchObjectTwo\helloPytorch\yolov7-pytorch-master\VOCdevkit/VOC2007/JPEGImages/BloodImage_00326.jpg 372,64,499,195,0 421,267,545,367,0 95,174,211,270,0 293,194,399,284,0 328,1,456,71,0 88,57,190,158,0 534,22,639,127,0 483,100,582,222,0 529,411,621,480,0 173,3,262,103,0 87,406,137,449,2 209,267,460,480,1
E:\PytorchObjectTwo\helloPytorch\yolov7-pytorch-master\VOCdevkit/VOC2007/JPEGImages/BloodImage_00327.jpg 106,109,146,139,2 331,102,379,142,2
E:\PytorchObjectTwo\helloPytorch\yolov7-pytorch-master\VOCdevkit/VOC2007/JPEGImages/BloodImage_00330.jpg 279,365,499,480,1
E:\PytorchObjectTwo\helloPytorch\yolov7-pytorch-master\VOCdevkit/VOC2007/JPEGImages/BloodImage_00331.jpg 124,195,240,294,0 182,281,289,370,0 180,279,287,368,0 343,199,456,310,0 424,277,549,379,0 180,106,282,210,0 238,352,329,451,0 333,316,457,438,0 436,107,520,208,0 1,77,105,178,0 1,157,82,264,0 23,250,140,351,0 516,70,628,168,0 144,20,253,123,0 244,1,459,196,1
E:\PytorchObjectTwo\helloPytorch\yolov7-pytorch-master\VOCdevkit/VOC2007/JPEGImages/BloodImage_00334.jpg 201,300,295,392,0 301,346,382,439,0 535,199,640,312,0 131,100,272,213,0 35,254,167,368,0 493,385,610,480,0 313,31,445,125,0 104,383,211,480,0 472,114,580,213,0 548,310,640,411,0 236,126,453,355,1
E:\PytorchObjectTwo\helloPytorch\yolov7-pytorch-master\VOCdevkit/VOC2007/JPEGImages/BloodImage_00336.jpg 62,73,165,175,0 236,216,345,348,0 129,300,229,396,0 365,306,494,425,0 494,36,593,138,0 177,25,273,132,0 64,192,182,284,0 45,368,146,446,0 528,289,632,389,0 57,254,225,325,0 280,43,507,236,1
E:\PytorchObjectTwo\helloPytorch\yolov7-pytorch-master\VOCdevkit/VOC2007/JPEGImages/BloodImage_00337.jpg 395,222,495,322,0 47,116,138,212,0 140,105,221,211,0 83,372,177,456,0 469,272,518,419,0 535,289,631,383,0 353,309,474,416,0 483,96,577,186,0 529,87,628,173,0 357,67,451,164,0 19,257,105,352,0 11,305,102,397,0 283,102,358,206,0 127,251,343,439,1
E:\PytorchObjectTwo\helloPytorch\yolov7-pytorch-master\VOCdevkit/VOC2007/JPEGImages/BloodImage_00338.jpg 453,81,555,182,0 476,171,599,307,0 346,212,455,316,0 24,113,127,207,0 163,31,289,131,0 83,303,175,382,0 304,64,413,174,0 60,61,153,157,0 174,321,265,406,0 191,164,292,245,0 91,181,190,276,0 169,202,263,278,0 504,337,504,337,0 244,327,509,480,1
E:\PytorchObjectTwo\helloPytorch\yolov7-pytorch-master\VOCdevkit/VOC2007/JPEGImages/BloodImage_00339.jpg 378,278,489,374,0 448,67,580,177,0 308,23,409,145,0 10,220,117,337,0 65,190,181,319,0 171,66,279,185,0 136,329,259,442,0 229,322,350,414,0 25,368,160,477,0 370,382,489,477,0 525,8,638,93,0 20,28,141,147,0 510,259,608,359,0 566,152,640,265,0 424,163,581,278,0 185,127,447,338,1 320,398,360,443,2 127,79,183,128,2
E:\PytorchObjectTwo\helloPytorch\yolov7-pytorch-master\VOCdevkit/VOC2007/JPEGImages/BloodImage_00340.jpg 307,247,424,357,0 401,44,531,158,0 162,51,279,166,0 56,93,171,213,0 47,191,169,313,0 119,326,245,419,0 228,153,348,267,0 152,225,284,326,0 436,170,539,269,0 296,1,421,73,0 491,150,580,277,0 239,356,470,480,1
E:\PytorchObjectTwo\helloPytorch\yolov7-pytorch-master\VOCdevkit/VOC2007/JPEGImages/BloodImage_00341.jpg 146,180,251,296,0 49,276,179,378,0 33,129,153,248,0 58,45,175,141,0 267,292,355,405,0 152,322,265,428,0 325,1,462,104,0 53,390,160,477,0 347,340,469,436,0 356,70,582,317,1
E:\PytorchObjectTwo\helloPytorch\yolov7-pytorch-master\VOCdevkit/VOC2007/JPEGImages/BloodImage_00342.jpg 316,11,426,121,0 470,100,580,210,0 58,69,138,178,0 425,220,526,328,0 74,324,192,422,0 203,1,302,72,0 492,413,578,480,0 322,256,440,366,0 111,106,420,362,1
E:\PytorchObjectTwo\helloPytorch\yolov7-pytorch-master\VOCdevkit/VOC2007/JPEGImages/BloodImage_00343.jpg 484,195,613,303,0 525,299,637,396,0 96,157,227,244,0 181,329,181,329,0 256,200,376,307,0 523,1,640,119,0 32,5,133,98,0 132,22,201,145,0 338,325,429,444,0 1,361,48,410,2 70,206,118,255,2 183,1,425,153,1
E:\PytorchObjectTwo\helloPytorch\yolov7-pytorch-master\VOCdevkit/VOC2007/JPEGImages/BloodImage_00346.jpg 403,68,502,168,0 138,201,245,303,0 288,105,370,200,0 320,157,425,278,0 222,40,309,143,0 409,244,536,354,0 489,99,616,219,0 35,156,168,234,0 16,365,117,459,0 36,1,121,86,0 138,45,238,159,0 319,1,432,79,0 566,348,640,463,0 162,274,399,480,1
E:\PytorchObjectTwo\helloPytorch\yolov7-pytorch-master\VOCdevkit/VOC2007/JPEGImages/BloodImage_00347.jpg 109,196,225,295,0 176,296,277,400,0 116,309,208,399,0 187,1,302,108,0 451,350,553,454,0 456,173,563,284,0 439,225,545,327,0 261,129,371,224,0 560,72,640,190,0 538,1,639,69,0 450,1,551,69,0 327,1,428,92,0 421,64,520,161,0 228,109,327,206,0 72,45,171,142,0 17,245,124,356,0 255,233,356,305,0 552,233,640,337,0 319,297,476,453,1
E:\PytorchObjectTwo\helloPytorch\yolov7-pytorch-master\VOCdevkit/VOC2007/JPEGImages/BloodImage_00348.jpg 214,350,310,453,0 439,294,524,382,0 103,220,224,322,0 273,214,389,303,0 525,283,630,368,0 504,395,619,480,0 93,413,204,480,0 7,353,125,440,0 373,116,470,221,0 464,122,551,229,0 288,84,375,191,0 335,273,445,366,0 569,195,640,286,0 395,389,508,480,0 62,7,294,225,1
E:\PytorchObjectTwo\helloPytorch\yolov7-pytorch-master\VOCdevkit/VOC2007/JPEGImages/BloodImage_00349.jpg 400,48,497,176,0 520,188,621,293,0 470,1,577,88,0 139,179,247,275,0 194,348,303,462,0 344,362,446,454,0 134,270,242,366,0 100,363,211,479,0 252,116,363,190,0 234,1,299,115,0 512,80,604,170,0 452,350,547,448,0 1,241,92,346,0 202,181,419,392,1
E:\PytorchObjectTwo\helloPytorch\yolov7-pytorch-master\VOCdevkit/VOC2007/JPEGImages/BloodImage_00352.jpg 316,20,432,111,0 34,93,156,194,0 40,203,147,296,0 108,186,224,313,0 234,202,287,336,0 242,269,342,375,0 45,349,150,457,0 313,122,462,214,0 508,136,613,257,0 193,405,320,480,0 147,318,233,432,0 119,13,235,118,0 294,181,632,432,1
E:\PytorchObjectTwo\helloPytorch\yolov7-pytorch-master\VOCdevkit/VOC2007/JPEGImages/BloodImage_00354.jpg 369,40,470,152,0 473,156,574,268,0 446,278,569,386,0 534,364,640,462,0 405,371,511,480,0 559,97,640,204,0 469,1,562,89,0 277,343,352,453,0 209,352,329,443,0 96,345,201,455,0 374,143,465,225,0 183,27,283,120,0 41,201,141,294,0 106,10,203,119,0 26,94,139,209,0 117,138,361,377,1
E:\PytorchObjectTwo\helloPytorch\yolov7-pytorch-master\VOCdevkit/VOC2007/JPEGImages/BloodImage_00356.jpg 279,310,396,422,0 373,191,491,275,0 447,355,554,448,0 504,156,609,265,0 499,303,600,395,0 419,413,512,480,0 59,353,142,450,0 203,118,302,213,0 487,7,586,102,0 361,94,479,187,0 29,12,128,107,0 96,102,200,192,0 228,4,331,103,0 325,1,433,79,0 126,1,221,99,0 1,196,106,285,0 117,230,295,416,1
E:\PytorchObjectTwo\helloPytorch\yolov7-pytorch-master\VOCdevkit/VOC2007/JPEGImages/BloodImage_00357.jpg 5,249,90,354,0 210,8,323,118,0 158,283,256,394,0 83,399,166,480,0 534,13,635,116,0 409,85,499,173,0 247,225,360,325,0 268,293,381,393,0 84,179,192,293,0 155,157,263,271,0 150,1,256,111,0 333,361,433,431,0 1,112,90,200,0 383,205,625,434,1
E:\PytorchObjectTwo\helloPytorch\yolov7-pytorch-master\VOCdevkit/VOC2007/JPEGImages/BloodImage_00359.jpg 225,233,324,324,0 483,222,562,302,0 358,181,467,287,0 335,369,444,475,0 221,352,330,458,0 378,279,488,378,0 423,32,511,125,0 515,289,629,384,0 22,73,129,171,0 125,75,224,166,0 224,18,327,124,0 326,73,427,190,0 554,40,640,165,0 143,1,242,65,0 1,201,219,422,1
E:\PytorchObjectTwo\helloPytorch\yolov7-pytorch-master\VOCdevkit/VOC2007/JPEGImages/BloodImage_00360.jpg 42,242,140,361,0 54,56,152,175,0 146,265,244,384,0 449,311,560,428,0 200,142,304,253,0 205,59,313,147,0 529,238,628,331,0 220,377,334,479,0 133,394,232,480,0 329,129,456,224,0 291,1,400,84,0 246,211,477,415,1 564,333,596,372,2
E:\PytorchObjectTwo\helloPytorch\yolov7-pytorch-master\VOCdevkit/VOC2007/JPEGImages/BloodImage_00361.jpg 457,164,553,251,0 501,261,586,351,0 570,303,640,406,0 472,353,579,445,0 44,310,136,403,0 25,394,138,479,0 121,274,244,394,0 162,140,259,249,0 19,1,98,87,0 153,47,254,137,0 232,415,318,480,0 95,38,192,158,0 574,208,640,300,0 225,223,321,310,0 215,40,458,268,1
E:\PytorchObjectTwo\helloPytorch\yolov7-pytorch-master\VOCdevkit/VOC2007/JPEGImages/BloodImage_00362.jpg 212,274,320,379,0 120,244,216,347,0 242,157,338,260,0 85,133,196,241,0 509,97,620,205,0 139,3,250,111,0 392,101,520,214,0 319,136,480,224,0 360,248,502,348,0 460,286,573,392,0 482,398,583,480,0 27,340,217,480,1
E:\PytorchObjectTwo\helloPytorch\yolov7-pytorch-master\VOCdevkit/VOC2007/JPEGImages/BloodImage_00364.jpg 186,102,270,197,0 520,118,604,213,0 556,301,640,396,0 146,200,259,304,0 253,174,354,281,0 189,292,281,400,0 418,246,522,353,0 37,236,138,334,0 77,1,201,90,0 336,408,457,480,0 348,151,449,258,0 538,214,640,290,0 51,100,155,217,0 74,325,176,434,0 177,398,224,443,2 325,1,545,162,1
E:\PytorchObjectTwo\helloPytorch\yolov7-pytorch-master\VOCdevkit/VOC2007/JPEGImages/BloodImage_00365.jpg 200,336,303,433,0 1,370,86,468,0 271,113,421,193,0 167,249,292,329,0 238,24,358,113,0 65,7,169,109,0 304,251,410,357,0 395,220,511,320,0 417,304,538,407,0 522,103,633,214,0 525,185,616,296,0 329,409,429,480,0 513,405,559,446,2 611,299,640,329,2 1,92,168,289,1 4,13,40,42,2
E:\PytorchObjectTwo\helloPytorch\yolov7-pytorch-master\VOCdevkit/VOC2007/JPEGImages/BloodImage_00366.jpg 343,130,454,231,0 329,262,440,363,0 365,354,476,455,0 143,75,254,176,0 72,18,153,99,0 142,250,243,349,0 67,271,168,370,0 130,348,235,440,0 469,81,574,173,0 444,254,566,355,0 535,162,640,284,0 348,7,453,99,0 388,18,493,110,0 529,327,634,419,0 1,81,147,294,1 174,203,212,250,2
E:\PytorchObjectTwo\helloPytorch\yolov7-pytorch-master\VOCdevkit/VOC2007/JPEGImages/BloodImage_00367.jpg 285,367,386,480,0 386,360,492,453,0 293,67,402,167,0 392,17,507,137,0 296,268,410,362,0 203,1,321,89,0 345,178,429,283,0 535,1,638,106,0 415,146,519,253,0 436,258,539,355,0 120,52,222,159,0 518,134,613,235,0 508,355,623,440,0 1,96,85,205,0 23,227,223,440,1 322,209,357,251,2
E:\PytorchObjectTwo\helloPytorch\yolov7-pytorch-master\VOCdevkit/VOC2007/JPEGImages/BloodImage_00368.jpg 260,359,397,454,0 303,288,396,379,0 440,344,558,442,0 364,54,467,152,0 231,87,337,177,0 262,164,357,250,0 128,27,256,140,0 438,1,531,95,0 483,1,598,100,0 366,217,512,334,0 370,144,482,237,0 122,325,237,451,0 507,176,611,282,0 1,223,132,434,1
E:\PytorchObjectTwo\helloPytorch\yolov7-pytorch-master\VOCdevkit/VOC2007/JPEGImages/BloodImage_00369.jpg 275,289,370,408,0 392,304,488,382,0 11,251,125,352,0 128,307,224,421,0 7,333,119,442,0 159,137,270,243,0 502,242,620,344,0 401,378,520,470,0 242,113,348,234,0 1,80,98,178,0 1,169,111,273,0 111,49,228,147,0 388,43,499,117,0 496,29,599,150,0 237,412,342,480,0 300,1,397,85,0 69,1,163,85,0 324,107,522,303,1 349,396,394,449,2 589,129,640,194,2
E:\PytorchObjectTwo\helloPytorch\yolov7-pytorch-master\VOCdevkit/VOC2007/JPEGImages/BloodImage_00370.jpg 18,68,133,164,0 20,168,129,259,0 95,253,205,355,0 24,327,138,423,0 151,350,264,434,0 242,346,358,440,0 362,348,468,458,0 442,353,543,436,0 452,246,552,354,0 494,213,617,290,0 473,127,597,208,0 323,47,433,143,0 483,1,597,117,0 173,83,294,216,0 240,126,465,345,1
E:\PytorchObjectTwo\helloPytorch\yolov7-pytorch-master\VOCdevkit/VOC2007/JPEGImages/BloodImage_00371.jpg 39,369,140,467,0 12,284,109,380,0 530,207,640,300,0 298,249,400,368,0 390,39,490,156,0 79,11,179,105,0 384,264,499,354,0 10,83,111,182,0 48,151,151,253,0 173,275,272,373,0 523,370,629,472,0 182,10,278,94,0 175,87,389,298,1
E:\PytorchObjectTwo\helloPytorch\yolov7-pytorch-master\VOCdevkit/VOC2007/JPEGImages/BloodImage_00375.jpg 77,250,177,343,0 183,297,270,391,0 259,294,356,400,0 434,292,541,392,0 520,273,628,389,0 42,383,143,473,0 101,113,211,233,0 2,112,103,202,0 333,199,436,301,0 429,160,531,247,0 534,37,636,124,0 38,11,149,112,0 377,425,421,470,2 211,1,420,167,1 52,1,92,34,2
E:\PytorchObjectTwo\helloPytorch\yolov7-pytorch-master\VOCdevkit/VOC2007/JPEGImages/BloodImage_00377.jpg 448,244,566,350,0 238,215,333,310,0 15,280,103,406,0 239,70,353,167,0 467,13,590,126,0 412,130,520,236,0 329,137,447,254,0 355,385,474,480,0 340,259,442,359,0 174,138,274,233,0 98,47,196,164,0 102,156,192,277,0 161,1,271,77,0 79,296,307,480,1 536,102,574,140,2 507,120,543,155,2
E:\PytorchObjectTwo\helloPytorch\yolov7-pytorch-master\VOCdevkit/VOC2007/JPEGImages/BloodImage_00379.jpg 437,29,531,114,0 279,58,384,155,0 133,96,237,179,0 23,67,102,192,0 488,147,603,275,0 291,158,396,255,0 226,162,318,259,0 271,320,376,417,0 319,258,434,358,0 385,213,500,313,0 501,301,616,401,0 117,174,214,265,0 73,184,170,275,0 105,273,222,368,0 187,368,304,463,0 159,1,303,96,0 417,314,511,399,0 404,365,498,450,0 22,384,219,480,1
E:\PytorchObjectTwo\helloPytorch\yolov7-pytorch-master\VOCdevkit/VOC2007/JPEGImages/BloodImage_00381.jpg 208,290,310,380,0 313,310,423,401,0 469,338,579,443,0 530,169,640,274,0 211,166,321,271,0 207,64,317,169,0 292,34,414,154,0 367,139,471,240,0 425,106,539,223,0 417,233,531,319,0 455,1,574,101,0 139,86,229,191,0 1,103,101,207,0 10,200,110,298,0 416,249,500,362,0 10,291,236,480,1
E:\PytorchObjectTwo\helloPytorch\yolov7-pytorch-master\VOCdevkit/VOC2007/JPEGImages/BloodImage_00382.jpg 1,345,70,441,0 37,271,143,376,0 125,217,231,322,0 142,367,248,472,0 218,296,315,391,0 283,368,377,478,0 438,250,552,358,0 411,133,523,243,0 70,49,175,159,0 430,13,535,123,0 319,258,433,366,0 420,386,522,480,0 559,330,640,439,0 158,35,389,259,1 519,154,598,224,2 517,1,563,37,2
E:\PytorchObjectTwo\helloPytorch\yolov7-pytorch-master\VOCdevkit/VOC2007/JPEGImages/BloodImage_00384.jpg 173,274,305,360,0 112,349,236,473,0 108,77,232,201,0 300,93,423,207,0 350,1,478,101,0 291,201,403,314,0 317,321,455,445,0 434,89,568,185,0 540,103,640,218,0 95,1,200,74,0 393,175,597,391,1
E:\PytorchObjectTwo\helloPytorch\yolov7-pytorch-master\VOCdevkit/VOC2007/JPEGImages/BloodImage_00386.jpg 1,305,106,423,0 197,72,297,163,0 288,352,394,470,0 467,235,592,356,0 443,390,543,479,0 443,32,541,140,0 532,20,640,145,0 449,150,575,248,0 320,1,446,98,0 324,93,450,191,0 329,195,455,293,0 115,307,241,405,0 154,405,274,480,0 1,102,123,213,0 153,159,377,385,1
E:\PytorchObjectTwo\helloPytorch\yolov7-pytorch-master\VOCdevkit/VOC2007/JPEGImages/BloodImage_00388.jpg 397,165,547,278,0 352,269,483,395,0 284,375,395,480,0 184,316,289,434,0 146,229,251,347,0 52,278,150,395,0 100,133,238,228,0 204,55,300,157,0 394,38,504,130,0 450,411,557,480,0 25,1,264,113,1
E:\PytorchObjectTwo\helloPytorch\yolov7-pytorch-master\VOCdevkit/VOC2007/JPEGImages/BloodImage_00389.jpg 191,367,300,479,0 406,366,515,478,0 93,208,212,324,0 305,79,424,195,0 529,197,640,311,0 1,11,222,221,1 216,113,249,153,2 292,130,323,164,2
E:\PytorchObjectTwo\helloPytorch\yolov7-pytorch-master\VOCdevkit/VOC2007/JPEGImages/BloodImage_00390.jpg 30,213,160,306,0 1,386,85,477,0 73,320,177,424,0 496,46,610,169,0 344,47,465,196,0 555,135,640,247,0 534,357,640,480,0 338,228,452,351,0 344,357,458,480,0 202,112,341,259,0 147,304,368,480,1
E:\PytorchObjectTwo\helloPytorch\yolov7-pytorch-master\VOCdevkit/VOC2007/JPEGImages/BloodImage_00391.jpg 19,312,133,440,0 308,365,422,480,0 500,244,619,359,0 474,151,600,257,0 565,26,640,152,0 472,33,565,149,0 346,1,472,106,0 356,104,473,197,0 217,85,334,178,0 378,205,474,304,0 467,395,567,480,0 190,408,291,480,0 149,317,260,411,0 1,109,129,220,0 207,160,418,388,1
E:\PytorchObjectTwo\helloPytorch\yolov7-pytorch-master\VOCdevkit/VOC2007/JPEGImages/BloodImage_00392.jpg 135,331,265,453,0 379,118,509,240,0 496,74,626,196,0 537,218,640,322,0 505,322,614,434,0 400,363,509,475,0 286,365,395,477,0 258,281,397,381,0 1,139,119,261,0 111,241,231,332,0 298,20,392,122,0 11,52,128,159,0 191,1,292,78,0 414,1,515,78,0 128,67,410,296,1
E:\PytorchObjectTwo\helloPytorch\yolov7-pytorch-master\VOCdevkit/VOC2007/JPEGImages/BloodImage_00393.jpg 398,290,519,416,0 141,240,275,366,0 1,189,120,278,0 1,373,86,480,0 125,15,247,124,0 105,122,227,231,0 276,394,388,479,0 539,12,624,95,0 354,20,485,134,0 256,1,369,104,0 321,271,431,378,0 210,92,438,297,1
E:\PytorchObjectTwo\helloPytorch\yolov7-pytorch-master\VOCdevkit/VOC2007/JPEGImages/BloodImage_00396.jpg 474,110,596,231,0 429,259,537,382,0 121,141,214,245,0 295,25,388,129,0 471,1,572,102,0 1,285,101,387,0 163,236,264,338,0 101,313,214,411,0 213,321,326,419,0 543,286,640,386,0 398,59,495,159,0 106,387,198,461,0 2,20,129,120,0 213,98,283,231,0 347,357,449,460,0 16,174,118,277,0 539,402,640,480,0 437,426,492,479,2 302,400,337,423,2 235,138,477,355,1
E:\PytorchObjectTwo\helloPytorch\yolov7-pytorch-master\VOCdevkit/VOC2007/JPEGImages/BloodImage_00397.jpg 68,154,165,249,0 1,145,66,260,0 207,160,334,270,0 435,347,540,437,0 535,356,639,464,0 446,221,550,329,0 509,94,640,207,0 456,3,560,111,0 354,144,458,252,0 169,317,277,455,0 64,302,166,406,0 74,200,176,304,0 141,18,217,109,0 316,47,409,141,0 356,1,465,56,0 35,65,128,159,0 66,371,181,463,0 247,352,462,480,1
E:\PytorchObjectTwo\helloPytorch\yolov7-pytorch-master\VOCdevkit/VOC2007/JPEGImages/BloodImage_00398.jpg 1,260,89,378,0 72,105,182,229,0 340,215,429,318,0 206,247,320,330,0 287,311,409,412,0 167,348,289,449,0 351,6,447,103,0 404,86,532,171,0 450,374,562,480,0 435,259,562,362,0 23,377,142,480,0 160,10,256,107,0 509,147,605,244,0 474,1,571,77,0 187,44,394,265,1
E:\PytorchObjectTwo\helloPytorch\yolov7-pytorch-master\VOCdevkit/VOC2007/JPEGImages/BloodImage_00400.jpg 462,368,597,462,0 376,104,510,208,0 219,224,347,315,0 124,286,222,390,0 69,393,174,479,0 219,325,327,425,0 293,291,416,409,0 362,203,470,303,0 35,1,131,115,0 461,195,561,296,0 374,1,482,100,0 1,110,76,242,0 117,18,355,235,1
E:\PytorchObjectTwo\helloPytorch\yolov7-pytorch-master\VOCdevkit/VOC2007/JPEGImages/BloodImage_00404.jpg 398,196,529,282,0 416,53,537,168,0 543,62,640,177,0 279,43,383,147,0 188,355,292,447,0 284,348,360,434,0 339,306,440,407,0 397,344,522,433,0 434,296,559,385,0 1,364,93,468,0 70,71,190,157,0 185,1,306,70,0 574,179,640,288,0 115,134,363,369,1 24,291,71,327,2
E:\PytorchObjectTwo\helloPytorch\yolov7-pytorch-master\VOCdevkit/VOC2007/JPEGImages/BloodImage_00405.jpg 53,306,162,412,0 1,203,68,322,0 162,114,271,220,0 110,82,221,197,0 151,1,245,89,0 243,1,337,89,0 509,206,613,303,0 479,105,583,202,0 376,142,480,239,0 238,235,360,338,0 176,212,291,315,0 158,320,256,449,0 307,336,378,455,0 316,1,451,153,0 338,248,562,450,1
E:\PytorchObjectTwo\helloPytorch\yolov7-pytorch-master\VOCdevkit/VOC2007/JPEGImages/BloodImage_00407.jpg 30,168,140,264,0 12,35,109,133,0 25,352,137,452,0 109,318,221,418,0 158,240,273,361,0 248,346,345,441,0 350,292,453,382,0 329,58,451,168,0 170,1,300,101,0 168,110,277,203,0 203,152,293,230,0 388,1,538,76,0 524,221,637,301,0 470,122,553,205,0 511,94,606,201,0 472,290,640,474,1 413,230,482,303,2 68,113,113,157,2 112,25,164,64,2
E:\PytorchObjectTwo\helloPytorch\yolov7-pytorch-master\VOCdevkit/VOC2007/JPEGImages/BloodImage_00408.jpg 64,279,139,415,0 118,120,232,219,0 1,178,92,277,0 213,304,316,404,0 215,391,313,480,0 454,241,557,335,0 308,178,421,273,0 284,47,392,159,0 470,1,574,68,0 391,44,489,139,0 387,136,480,253,0 542,271,626,363,0 9,28,105,135,0 103,1,201,95,0 198,1,285,81,0 1,281,21,316,2 383,254,424,284,2 310,319,569,480,1
E:\PytorchObjectTwo\helloPytorch\yolov7-pytorch-master\VOCdevkit/VOC2007/JPEGImages/BloodImage_00410.jpg 233,368,338,452,0 346,385,456,476,0 241,73,351,164,0 250,1,366,85,0 106,315,226,428,0 289,160,394,244,0 350,109,455,193,0 104,20,209,104,0 1,221,108,322,0 582,379,639,480,0 457,372,562,456,0 563,20,640,113,0 304,262,400,387,0 239,275,291,321,2 121,260,189,320,2 57,119,104,167,2 1,286,29,327,2 367,166,611,394,1
